iteration,job object,job ID,job Length,job ressource requirement,job enter time,job start time,job finish time,job waiting time,current time
1,<environment.Job instance at 0x7ff3a296b3c0>,16,16,[3 5],17,97,113,80,84
1,<environment.Job instance at 0x7ff3a9cbd640>,7,17,[8 5],8,15,32,7,15
1,<environment.Job instance at 0x7ff3a9cbd780>,9,14,[2 7],10,32,46,22,17
1,<environment.Job instance at 0x7ff3a9cbd460>,12,18,[5 5],13,46,64,33,35
1,<environment.Job instance at 0x7ff3a9d71eb0>,15,2,[10  4],16,64,66,48,37
1,<environment.Job instance at 0x7ff3a9d71c30>,17,18,[3 8],18,66,84,48,56
1,<environment.Job instance at 0x7ff35ed0b410>,9,21,[ 1 10],10,47,68,37,47
1,<environment.Job instance at 0x7ff35ed0b0f0>,13,2,[6 2],14,117,119,103,117
1,<environment.Job instance at 0x7ff35ed0bdc0>,10,14,[10  4],11,119,133,108,118
1,<environment.Job instance at 0x7ff35ed0bbe0>,3,14,[5 2],4,5,19,1,5
1,<environment.Job instance at 0x7ff35ed107d0>,0,14,[1 7],1,5,19,4,5
1,<environment.Job instance at 0x7ff35ed3b5a0>,8,17,[5 5],9,23,40,14,23
1,<environment.Job instance at 0x7ff35f021730>,9,17,[3 7],10,40,57,30,29
1,<environment.Job instance at 0x7ff35f021140>,11,18,[1 9],12,57,75,45,46
1,<environment.Job instance at 0x7ff35f06c8c0>,8,17,[5 2],9,27,44,18,27
1,<environment.Job instance at 0x7ff35f021140>,7,15,[3 7],8,27,42,19,27
1,<environment.Job instance at 0x7ff35f06ca50>,13,2,[5 9],14,44,46,30,27
1,<environment.Job instance at 0x7ff35f291780>,0,17,[7 5],1,46,63,45,35
1,<environment.Job instance at 0x7ff35f06cbe0>,16,17,[3 8],17,63,80,46,52
1,<environment.Job instance at 0x7ff35f058e10>,4,14,[5 5],5,26,40,21,26
1,<environment.Job instance at 0x7ff3a9aee910>,7,17,[5 2],8,26,43,18,26
1,<environment.Job instance at 0x7ff3a55ddcd0>,3,12,[9 1],4,43,55,39,28
1,<environment.Job instance at 0x7ff3a9aee640>,8,18,[4 5],9,55,73,46,53
1,<environment.Job instance at 0x7ff3a5554780>,13,13,[4 7],14,73,86,59,73
1,<environment.Job instance at 0x7ff3a55545a0>,17,13,[5 4],18,100,113,82,100
1,<environment.Job instance at 0x7ff3a4f37050>,20,13,[4 5],21,100,113,79,100
1,<environment.Job instance at 0x7ff3a26dc5f0>,25,17,[7 2],26,120,137,94,120
1,<environment.Job instance at 0x7ff3a26dcd20>,26,13,[4 9],27,137,150,110,121
1,<environment.Job instance at 0x7ff35efec640>,3,17,[9 4],4,68,85,64,68
1,<environment.Job instance at 0x7ff3a2c88320>,13,15,[5 1],14,85,100,71,71
1,<environment.Job instance at 0x7ff35f015cd0>,15,18,[10  5],16,100,118,84,99
1,<environment.Job instance at 0x7ff35ef451e0>,6,12,[9 5],7,17,29,10,17
1,<environment.Job instance at 0x7ff3a505ad20>,9,12,[ 5 10],10,29,41,19,17
1,<environment.Job instance at 0x7ff3a505ad70>,11,12,[3 8],12,41,53,29,25
1,<environment.Job instance at 0x7ff3a272b2d0>,17,18,[1 5],18,69,87,51,69
1,<environment.Job instance at 0x7ff35f2239b0>,22,2,[5 7],23,141,143,118,141
1,<environment.Job instance at 0x7ff35efe03c0>,19,13,[1 7],20,145,158,125,145
1,<environment.Job instance at 0x7ff35f2235f0>,26,13,[5 5],27,158,171,131,146
1,<environment.Job instance at 0x7ff35f2234b0>,27,2,[6 3],28,150,152,122,150
1,<environment.Job instance at 0x7ff35f228870>,30,18,[1 6],31,171,189,140,168
1,<environment.Job instance at 0x7ff35f228be0>,34,16,[10  4],35,189,205,154,178
1,<environment.Job instance at 0x7ff3a26cd7d0>,2,16,[4 8],3,4,20,1,4
1,<environment.Job instance at 0x7ff3a26cd2d0>,8,13,[3 6],9,20,33,11,9
1,<environment.Job instance at 0x7ff3a545f230>,12,14,[7 4],13,45,59,32,45
1,<environment.Job instance at 0x7ff3a26cd320>,3,15,[10  4],4,59,74,55,50
1,<environment.Job instance at 0x7ff35f134a00>,16,3,[3 5],17,52,55,35,52
1,<environment.Job instance at 0x7ff3a5172960>,18,13,[7 2],19,74,87,55,61
1,<environment.Job instance at 0x7ff35f134eb0>,14,17,[8 4],15,101,118,86,101
1,<environment.Job instance at 0x7ff3a5172e10>,22,16,[5 5],23,118,134,95,105
1,<environment.Job instance at 0x7ff3a5172c80>,25,3,[10  2],26,134,137,108,113
1,<environment.Job instance at 0x7ff3a5172e60>,21,17,[4 8],22,139,156,117,139
1,<environment.Job instance at 0x7ff3a5172550>,32,3,[8 4],33,161,164,128,161
1,<environment.Job instance at 0x7ff3a542d320>,33,15,[5 8],34,164,179,130,161
1,<environment.Job instance at 0x7ff3a542d280>,35,13,[10  4],36,186,199,150,186
1,<environment.Job instance at 0x7ff3a542d5f0>,36,16,[6 3],37,199,215,162,187
1,<environment.Job instance at 0x7ff3a5172910>,30,16,[3 8],31,215,231,184,204
1,<environment.Job instance at 0x7ff3a542de10>,42,3,[2 7],43,210,213,167,210
1,<environment.Job instance at 0x7ff3a542d0a0>,44,12,[10  3],45,231,243,186,231
1,<environment.Job instance at 0x7ff3a542de60>,45,1,[ 1 10],46,243,244,197,231
1,<environment.Job instance at 0x7ff3a542deb0>,48,13,[5 1],49,244,257,195,243
1,<environment.Job instance at 0x7ff3a9d71a50>,8,12,[8 5],9,35,47,26,35
1,<environment.Job instance at 0x7ff35f0aca50>,0,16,[10  4],1,63,79,62,63
1,<environment.Job instance at 0x7ff35f1fc820>,0,15,[5 5],1,3,18,2,3
1,<environment.Job instance at 0x7ff3a2718eb0>,5,12,[10  5],6,18,30,12,8
1,<environment.Job instance at 0x7ff35f0acd70>,3,18,[4 9],4,30,48,26,25
1,<environment.Job instance at 0x7ff3a278b230>,11,17,[ 5 10],12,48,65,36,38
1,<environment.Job instance at 0x7ff3a53f7280>,16,13,[7 5],17,65,78,48,58
1,<environment.Job instance at 0x7ff3a52e8fa0>,17,18,[5 9],18,78,96,60,68
1,<environment.Job instance at 0x7ff3a5261b40>,23,13,[10  4],24,96,109,72,81
1,<environment.Job instance at 0x7ff35ea64fa0>,8,12,[3 8],9,24,36,15,24
1,<environment.Job instance at 0x7ff35ea64d70>,9,27,[1 5],10,36,63,26,36
1,<environment.Job instance at 0x7ff35ea4d3c0>,14,14,[1 5],15,56,70,41,56
1,<environment.Job instance at 0x7ff35ea4d460>,15,12,[1 6],16,70,82,54,60
1,<environment.Job instance at 0x7ff35f07e410>,2,13,[3 6],3,3,16,0,3
1,<environment.Job instance at 0x7ff35f07e7d0>,0,18,[7 1],1,5,23,4,5
1,<environment.Job instance at 0x7ff35f07e870>,9,1,[3 7],10,23,24,13,23
1,<environment.Job instance at 0x7ff35f07eb90>,14,15,[9 1],15,50,65,35,50
1,<environment.Job instance at 0x7ff35ea4d410>,3,18,[ 3 10],4,65,83,61,57
1,<environment.Job instance at 0x7ff35f07ed70>,18,17,[5 5],19,89,106,70,89
1,<environment.Job instance at 0x7ff3a274a3c0>,21,14,[5 5],22,92,106,70,92
1,<environment.Job instance at 0x7ff3a274a190>,22,13,[1 5],23,106,119,83,92
1,<environment.Job instance at 0x7ff3a274a820>,26,20,[7 1],27,142,162,115,142
1,<environment.Job instance at 0x7ff3a274ae10>,28,16,[4 9],29,162,178,133,150
1,<environment.Job instance at 0x7ff35ee6da00>,0,16,[9 2],1,58,74,57,58
1,<environment.Job instance at 0x7ff35ee6d140>,2,17,[5 8],3,74,91,71,62
1,<environment.Job instance at 0x7ff3a279abe0>,18,12,[6 2],19,91,103,72,87
1,<environment.Job instance at 0x7ff35eddda50>,21,16,[1 9],22,173,189,151,173
1,<environment.Job instance at 0x7ff35edddd70>,22,16,[3 5],23,189,205,166,176
1,<environment.Job instance at 0x7ff3a52e5d70>,27,18,[1 7],28,205,223,177,194
1,<environment.Job instance at 0x7ff3a52e5370>,29,13,[10  5],30,223,236,193,208
1,<environment.Job instance at 0x7ff3a52e57d0>,31,14,[3 6],32,236,250,204,222
1,<environment.Job instance at 0x7ff3a52e58c0>,33,12,[6 1],34,236,248,202,222
1,<environment.Job instance at 0x7ff3a50363c0>,37,17,[1 7],38,250,267,212,239
1,<environment.Job instance at 0x7ff3a5076500>,4,1,[10  5],5,43,44,38,43
1,<environment.Job instance at 0x7ff3a290ff50>,10,15,[5 5],11,65,80,54,65
1,<environment.Job instance at 0x7ff3a290faf0>,13,15,[ 1 10],14,90,105,76,90
1,<environment.Job instance at 0x7ff3a291a230>,14,13,[7 5],15,105,118,90,90
1,<environment.Job instance at 0x7ff3a2d619b0>,6,2,[10  5],7,72,74,65,72
1,<environment.Job instance at 0x7ff3a2d61960>,9,14,[1 7],10,74,88,64,72
1,<environment.Job instance at 0x7ff3a291a140>,1,15,[10  4],2,96,111,94,96
1,<environment.Job instance at 0x7ff3a2d61e10>,16,13,[1 5],17,131,144,114,131
1,<environment.Job instance at 0x7ff3a2d61d20>,17,15,[ 5 10],18,145,160,127,145
1,<environment.Job instance at 0x7ff3a50a7690>,20,14,[9 5],21,160,174,139,145
1,<environment.Job instance at 0x7ff3a50a7370>,23,18,[9 4],24,174,192,150,170
1,<environment.Job instance at 0x7ff3a50a73c0>,24,18,[ 4 10],25,192,210,167,183
1,<environment.Job instance at 0x7ff3a50a7730>,29,17,[5 7],30,210,227,180,198
1,<environment.Job instance at 0x7ff35ebbf0a0>,32,16,[ 4 10],33,227,243,194,227
1,<environment.Job instance at 0x7ff35f213c30>,1,3,[2 7],2,4,7,2,4
1,<environment.Job instance at 0x7ff3a2c92af0>,11,13,[9 3],12,44,57,32,44
1,<environment.Job instance at 0x7ff3a270ec80>,13,15,[3 8],14,57,72,43,45
1,<environment.Job instance at 0x7ff3a52f00f0>,1,1,[9 1],2,2,3,0,2
1,<environment.Job instance at 0x7ff3a2babdc0>,7,14,[8 1],8,11,25,3,11
1,<environment.Job instance at 0x7ff3a545d910>,8,16,[ 4 10],9,25,41,16,16
1,<environment.Job instance at 0x7ff35f1bcd20>,7,2,[6 3],8,8,10,0,8
1,<environment.Job instance at 0x7ff35f1bcaf0>,9,15,[10  1],10,11,26,1,11
1,<environment.Job instance at 0x7ff35f1bce60>,10,14,[3 8],11,26,40,15,11
1,<environment.Job instance at 0x7ff35f1bc230>,4,14,[7 2],5,28,42,23,28
1,<environment.Job instance at 0x7ff35f1bc050>,12,14,[5 4],13,42,56,29,28
1,<environment.Job instance at 0x7ff35f1bc820>,11,16,[6 5],12,56,72,44,43
1,<environment.Job instance at 0x7ff3a5400a50>,18,16,[9 2],19,72,88,53,62
1,<environment.Job instance at 0x7ff3a5400640>,21,17,[8 4],22,88,105,66,76
1,<environment.Job instance at 0x7ff35f051d20>,4,18,[6 2],5,9,27,4,9
1,<environment.Job instance at 0x7ff3a2aaa960>,11,14,[5 5],12,27,41,15,19
1,<environment.Job instance at 0x7ff35f021910>,14,16,[6 1],15,41,57,26,30
1,<environment.Job instance at 0x7ff35f051640>,3,17,[ 2 10],4,57,74,53,48
1,<environment.Job instance at 0x7ff3a568ef50>,20,16,[10  2],21,74,90,53,64
1,<environment.Job instance at 0x7ff3a53a4b40>,22,12,[1 8],23,90,102,67,73
1,<environment.Job instance at 0x7f01d5638410>,4,14,[1 6],5,69,83,64,69
1,<environment.Job instance at 0x7f01d022af50>,13,18,[ 4 10],14,83,101,69,83
1,<environment.Job instance at 0x7f01d022d320>,15,18,[2 8],16,101,119,85,90
1,<environment.Job instance at 0x7f01d56630f0>,3,14,[8 1],4,4,18,0,4
1,<environment.Job instance at 0x7f01d5663820>,9,2,[ 3 10],10,18,20,8,10
1,<environment.Job instance at 0x7f01d5663500>,0,17,[1 6],1,24,41,23,24
1,<environment.Job instance at 0x7f01d57b3cd0>,14,13,[6 3],15,24,37,9,24
1,<environment.Job instance at 0x7f01d57b3fa0>,17,19,[4 8],18,41,60,23,32
1,<environment.Job instance at 0x7f01d57b3dc0>,21,14,[2 6],22,60,74,38,45
1,<environment.Job instance at 0x7f01d57b3be0>,19,12,[10  2],20,74,86,54,60
1,<environment.Job instance at 0x7f01d57b3e60>,22,15,[5 9],23,86,101,63,73
1,<environment.Job instance at 0x7f01d57ae5a0>,27,3,[5 5],28,101,104,73,79
1,<environment.Job instance at 0x7f01d57aee60>,28,2,[ 3 10],29,104,106,75,79
1,<environment.Job instance at 0x7f01d57aeaf0>,30,16,[7 1],31,106,122,75,93
1,<environment.Job instance at 0x7f018a55b230>,9,2,[1 8],10,12,14,2,12
1,<environment.Job instance at 0x7f018a5e7dc0>,10,15,[8 3],11,14,29,3,13
1,<environment.Job instance at 0x7f018a5e7f00>,12,13,[ 5 10],13,48,61,35,48
1,<environment.Job instance at 0x7f018a5e7280>,15,14,[ 2 10],16,80,94,64,80
1,<environment.Job instance at 0x7f018a5e76e0>,13,16,[ 3 10],14,94,110,80,84
1,<environment.Job instance at 0x7f018a5e75f0>,18,12,[7 5],19,110,122,91,95
1,<environment.Job instance at 0x7f018a5e7960>,21,13,[5 6],22,122,135,100,122
1,<environment.Job instance at 0x7f018a5e9190>,27,12,[4 8],28,165,177,137,165
1,<environment.Job instance at 0x7f018a5e9370>,30,14,[1 7],31,213,227,182,213
1,<environment.Job instance at 0x7f018a6ab870>,5,13,[5 2],6,6,19,0,6
1,<environment.Job instance at 0x7f018a91b870>,9,12,[9 3],10,22,34,12,22
1,<environment.Job instance at 0x7f018a91b190>,13,12,[1 7],14,34,46,20,34
1,<environment.Job instance at 0x7f018a91b730>,14,3,[10  2],15,46,49,31,34
1,<environment.Job instance at 0x7f018a91b0a0>,15,3,[5 5],16,49,52,33,35
1,<environment.Job instance at 0x7f018a91b050>,16,3,[ 5 10],17,52,55,35,35
1,<environment.Job instance at 0x7f018a5e9cd0>,19,21,[6 1],20,60,81,40,60
1,<environment.Job instance at 0x7f018a5e9050>,21,14,[2 7],22,64,78,42,64
1,<environment.Job instance at 0x7f018a9dd230>,23,14,[7 5],24,86,100,62,86
1,<environment.Job instance at 0x7f018a9dd0a0>,28,17,[5 2],29,111,128,82,111
1,<environment.Job instance at 0x7f018a975140>,33,2,[5 9],34,149,151,115,149
1,<environment.Job instance at 0x7f018a5291e0>,34,13,[9 4],35,151,164,116,149
1,<environment.Job instance at 0x7f018a529f00>,36,17,[3 8],37,164,181,127,152
1,<environment.Job instance at 0x7f018a8e1f00>,4,14,[7 5],5,91,105,86,91
1,<environment.Job instance at 0x7f018a920050>,16,3,[9 1],17,140,143,123,140
1,<environment.Job instance at 0x7f018a9200f0>,17,17,[5 2],18,169,186,151,169
1,<environment.Job instance at 0x7f018a920780>,23,13,[4 7],24,196,209,172,196
1,<environment.Job instance at 0x7f018a9203c0>,18,18,[4 5],19,220,238,201,220
1,<environment.Job instance at 0x7f018a920d70>,35,17,[7 2],36,274,291,238,274
1,<environment.Job instance at 0x7f018a920f50>,36,13,[4 9],37,291,304,254,275
1,<environment.Job instance at 0x7f01d058d0f0>,11,16,[5 9],12,49,65,37,49
1,<environment.Job instance at 0x7f01d005bd70>,13,15,[5 1],14,49,64,35,49
1,<environment.Job instance at 0x7f01d005ba50>,15,18,[10  5],16,74,92,58,74
1,<environment.Job instance at 0x7f01d091a690>,6,15,[5 3],7,25,40,18,25
1,<environment.Job instance at 0x7f01d091ad20>,7,18,[1 5],8,113,131,105,113
1,<environment.Job instance at 0x7f018a997640>,12,2,[5 7],13,137,139,124,137
1,<environment.Job instance at 0x7f018a6e9280>,17,2,[6 3],18,139,141,121,137
1,<environment.Job instance at 0x7f01d091a320>,9,13,[1 7],10,140,153,130,140
1,<environment.Job instance at 0x7f018aafdeb0>,3,15,[4 6],4,153,168,149,142
1,<environment.Job instance at 0x7f018a5d2a50>,20,18,[1 6],21,168,186,147,157
1,<environment.Job instance at 0x7f01d07f9c30>,27,14,[7 5],28,186,200,158,186
1,<environment.Job instance at 0x7f01d052c0a0>,28,3,[5 5],29,200,203,171,187
1,<environment.Job instance at 0x7f01d09bb870>,31,16,[7 4],32,203,219,171,190
1,<environment.Job instance at 0x7f018a97a9b0>,32,15,[5 9],33,219,234,186,205
1,<environment.Job instance at 0x7f01d037e9b0>,3,3,[7 4],4,4,7,0,4
1,<environment.Job instance at 0x7f018a8c7190>,4,12,[3 8],5,7,19,2,5
1,<environment.Job instance at 0x7f018a8c7a00>,16,16,[6 3],17,96,112,79,96
1,<environment.Job instance at 0x7f018a8c7aa0>,17,14,[5 7],18,112,126,94,98
1,<environment.Job instance at 0x7f018a8c7d20>,22,3,[2 7],23,126,129,103,121
1,<environment.Job instance at 0x7f018a8c7140>,10,16,[3 8],11,141,157,130,141
1,<environment.Job instance at 0x7f018a8c7d70>,25,1,[ 1 10],26,157,158,131,141
1,<environment.Job instance at 0x7f018a8c20a0>,28,13,[5 1],29,143,156,114,143
1,<environment.Job instance at 0x7f018a8c2190>,29,3,[9 2],30,158,161,128,143
1,<environment.Job instance at 0x7f018a8c2050>,27,13,[10  3],28,161,174,133,148
1,<environment.Job instance at 0x7f01d064b4b0>,1,17,[4 8],2,202,219,200,202
1,<environment.Job instance at 0x7f018a8c25f0>,36,17,[7 4],37,256,273,219,256
1,<environment.Job instance at 0x7f01d0000410>,6,14,[10  3],7,22,36,15,22
1,<environment.Job instance at 0x7f01d0000640>,8,19,[1 5],9,36,55,27,29
1,<environment.Job instance at 0x7f01d0000690>,11,13,[6 5],12,46,59,34,46
1,<environment.Job instance at 0x7f018a3efe60>,14,14,[2 7],15,80,94,65,80
1,<environment.Job instance at 0x7f018a3eff50>,17,15,[9 5],18,94,109,76,93
1,<environment.Job instance at 0x7f01d048e5f0>,18,16,[6 3],19,109,125,90,106
1,<environment.Job instance at 0x7f018a91a730>,22,12,[7 2],23,125,137,102,111
1,<environment.Job instance at 0x7f018a6f9be0>,24,13,[2 9],25,137,150,112,126
1,<environment.Job instance at 0x7f018a855af0>,25,12,[10  5],26,150,162,124,133
1,<environment.Job instance at 0x7f01d000e230>,31,17,[ 5 10],32,1927,1944,1895,1927
1,<environment.Job instance at 0x7f01d01af960>,4,19,[6 3],5,40,59,35,40
1,<environment.Job instance at 0x7f01d0341eb0>,7,17,[2 5],8,41,58,33,41
1,<environment.Job instance at 0x7f01d081ecd0>,11,12,[10  5],12,59,71,47,57
1,<environment.Job instance at 0x7f018a64dcd0>,20,17,[1 9],21,105,122,84,105
1,<environment.Job instance at 0x7f018a603190>,25,12,[1 6],26,122,134,96,121
1,<environment.Job instance at 0x7f01cffecc30>,26,18,[1 7],27,134,152,107,124
1,<environment.Job instance at 0x7f018a9e1140>,2,13,[3 6],3,4,17,1,4
1,<environment.Job instance at 0x7f01d0cf4c80>,9,1,[3 7],10,23,24,13,23
1,<environment.Job instance at 0x7f018a9e1550>,3,18,[ 3 10],4,51,69,47,51
1,<environment.Job instance at 0x7f01d0d14280>,18,17,[5 5],19,97,114,78,97
1,<environment.Job instance at 0x7f01d0d14320>,19,14,[3 7],20,114,128,94,99
1,<environment.Job instance at 0x7f01d0d14460>,21,14,[5 5],22,99,113,77,99
1,<environment.Job instance at 0x7f01d0d149b0>,26,20,[7 1],27,151,171,124,151
1,<environment.Job instance at 0x7f01d0d14b90>,29,18,[ 2 10],30,172,190,142,172
1,<environment.Job instance at 0x7f018a533870>,6,1,[10  1],7,16,17,9,16
1,<environment.Job instance at 0x7f018a5335f0>,8,12,[6 2],9,17,29,8,17
1,<environment.Job instance at 0x7f01d0d14aa0>,2,15,[4 9],3,29,44,26,17
1,<environment.Job instance at 0x7f018a533be0>,10,16,[3 7],11,44,60,33,31
1,<environment.Job instance at 0x7f018a533190>,11,16,[1 9],12,60,76,48,51
1,<environment.Job instance at 0x7f018a5330f0>,12,16,[3 5],13,76,92,63,63
1,<environment.Job instance at 0x7f01d03110a0>,15,16,[7 5],16,76,92,60,63
1,<environment.Job instance at 0x7f01d0311730>,18,13,[3 8],19,92,105,73,78
1,<environment.Job instance at 0x7f01d03118c0>,20,14,[3 5],21,105,119,84,90
1,<environment.Job instance at 0x7f01d0311910>,21,14,[3 6],22,119,133,97,117
1,<environment.Job instance at 0x7f018a491780>,27,17,[1 7],28,133,150,105,121
1,<environment.Job instance at 0x7f01d0c9a3c0>,30,14,[6 1],31,162,176,131,162
1,<environment.Job instance at 0x7f01d0c9a5f0>,33,14,[3 9],34,163,177,129,163
1,<environment.Job instance at 0x7f018a7f83c0>,5,17,[6 5],6,29,46,23,29
1,<environment.Job instance at 0x7f018a7f8af0>,9,1,[6 1],10,46,47,36,29
1,<environment.Job instance at 0x7f018a7f8410>,10,15,[5 2],11,47,62,36,33
1,<environment.Job instance at 0x7f01d01a7a00>,12,14,[7 1],13,62,76,49,57
1,<environment.Job instance at 0x7f018a7f8cd0>,3,18,[9 1],4,79,97,75,79
1,<environment.Job instance at 0x7f018a37cc80>,28,18,[10  5],29,816,834,787,816
1,<environment.Job instance at 0x7f01d0bc1cd0>,3,14,[5 2],4,4,18,0,4
1,<environment.Job instance at 0x7f018a3dd550>,6,1,[4 6],7,10,11,3,10
1,<environment.Job instance at 0x7f018a37ce10>,2,16,[ 4 10],3,18,34,15,10
1,<environment.Job instance at 0x7f01d53be780>,10,16,[2 8],11,34,50,23,27
1,<environment.Job instance at 0x7f018a3d8280>,15,13,[5 1],16,34,47,18,27
1,<environment.Job instance at 0x7f018a3d8550>,17,13,[6 3],18,50,63,32,35
1,<environment.Job instance at 0x7f018a3d8320>,18,18,[1 5],19,50,68,31,40
1,<environment.Job instance at 0x7f018a3d8140>,21,3,[2 7],22,68,71,46,61
1,<environment.Job instance at 0x7f018a3d80a0>,22,1,[10  4],23,71,72,48,61
1,<environment.Job instance at 0x7f018a3d8f00>,23,14,[3 8],24,72,86,48,66
1,<environment.Job instance at 0x7f018a3dc640>,24,17,[10  5],25,86,103,61,75
1,<environment.Job instance at 0x7f01d007e320>,5,2,[5 5],6,7,9,1,7
1,<environment.Job instance at 0x7f01d033a2d0>,4,23,[1 5],5,13,36,8,13
1,<environment.Job instance at 0x7f01d036c190>,3,13,[1 7],4,36,49,32,23
1,<environment.Job instance at 0x7f01d00b40a0>,15,2,[5 4],16,24,26,8,24
1,<environment.Job instance at 0x7f01d0207a00>,16,17,[5 4],17,49,66,32,37
1,<environment.Job instance at 0x7f01d00dd7d0>,18,16,[ 4 10],19,66,82,47,54
1,<environment.Job instance at 0x7f018a29cd20>,5,12,[6 1],6,6,18,0,6
1,<environment.Job instance at 0x7f018a29c2d0>,7,2,[6 3],8,18,20,10,8
1,<environment.Job instance at 0x7f018a2244b0>,6,13,[9 2],7,20,33,13,8
1,<environment.Job instance at 0x7f018a2240a0>,11,16,[6 5],12,33,49,21,21
1,<environment.Job instance at 0x7f018a2246e0>,10,14,[3 8],11,49,63,38,34
1,<environment.Job instance at 0x7f018a224e10>,18,16,[9 2],19,63,79,44,50
1,<environment.Job instance at 0x7f018a2243c0>,9,15,[10  1],10,79,94,69,65
1,<environment.Job instance at 0x7f018a4509b0>,9,12,[6 3],10,23,35,13,23
1,<environment.Job instance at 0x7f018a449370>,10,16,[10  2],11,35,51,24,23
1,<environment.Job instance at 0x7f018a449280>,11,15,[4 8],12,51,66,39,37
1,<environment.Job instance at 0x7f018a449d20>,15,18,[6 2],16,51,69,35,47
1,<environment.Job instance at 0x7f018aafd690>,0,1,[8 3],1,1,2,0,1
1,<environment.Job instance at 0x7f018aafd320>,3,1,[7 1],4,4,5,0,4
1,<environment.Job instance at 0x7f01d09dcd70>,10,27,[5 2],11,28,55,17,28
1,<environment.Job instance at 0x7f01d09dc870>,13,3,[ 3 10],14,55,58,41,31
1,<environment.Job instance at 0x7f018a46b0a0>,15,14,[2 6],16,58,72,42,44
1,<environment.Job instance at 0x7f018a9fddc0>,18,2,[8 5],19,72,74,53,45
1,<environment.Job instance at 0x7f01d061b730>,6,14,[9 5],7,74,88,67,61
1,<environment.Job instance at 0x7f01d003a640>,23,14,[5 7],24,88,102,64,74
1,<environment.Job instance at 0x7f01d09dc0f0>,14,13,[10  5],15,105,118,90,105
1,<environment.Job instance at 0x7f018a4c97d0>,31,12,[10  1],32,118,130,86,115
1,<environment.Job instance at 0x7f018a4c9be0>,32,1,[10  1],33,130,131,97,115
1,<environment.Job instance at 0x7f018a66a7d0>,34,18,[5 4],35,133,151,98,133
1,<environment.Job instance at 0x7f01d0515c30>,35,17,[7 2],36,151,168,115,139
1,<environment.Job instance at 0x7f01d05155f0>,37,13,[7 2],38,168,181,130,168
1,<environment.Job instance at 0x7f01d0916050>,4,12,[ 1 10],5,6,18,1,6
1,<environment.Job instance at 0x7f01d0d32a50>,12,14,[1 7],13,24,38,11,24
1,<environment.Job instance at 0x7f018a104820>,4,17,[5 5],5,5,22,0,5
1,<environment.Job instance at 0x7f01d0500cd0>,8,15,[7 3],9,36,51,27,36
1,<environment.Job instance at 0x7f01d0762730>,10,3,[3 9],11,51,54,40,49
1,<environment.Job instance at 0x7f018a104910>,6,14,[8 5],7,77,91,70,77
1,<environment.Job instance at 0x7f01d01ea230>,9,17,[1 5],10,78,95,68,78
1,<environment.Job instance at 0x7f01d5664f50>,14,16,[2 9],15,119,135,104,119
1,<environment.Job instance at 0x7f018a254a50>,18,14,[8 4],19,135,149,116,120
1,<environment.Job instance at 0x7f018a8afa00>,20,3,[1 6],21,135,138,114,120
1,<environment.Job instance at 0x7f01d05b8dc0>,19,17,[ 2 10],20,149,166,129,137
1,<environment.Job instance at 0x7f01d01f14b0>,26,3,[6 1],27,166,169,139,140
1,<environment.Job instance at 0x7f01d01f15a0>,30,18,[7 2],31,175,193,144,175
1,<environment.Job instance at 0x7f01d01f1320>,31,13,[5 8],32,193,206,161,177
1,<environment.Job instance at 0x7f01d0227820>,35,17,[7 5],36,1178,1195,1142,1178
1,<environment.Job instance at 0x7fc8090c6a00>,13,18,[ 4 10],14,104,122,90,104
1,<environment.Job instance at 0x7fc8090c6aa0>,14,13,[7 3],15,122,135,107,106
1,<environment.Job instance at 0x7fc8090c6280>,16,16,[3 5],17,122,138,105,113
1,<environment.Job instance at 0x7fc8090c6c80>,4,13,[6 3],5,5,18,0,5
1,<environment.Job instance at 0x7fc80e6497d0>,7,19,[4 8],8,18,37,10,8
1,<environment.Job instance at 0x7fc80e649b90>,10,13,[9 4],11,37,50,26,22
1,<environment.Job instance at 0x7fc80e649690>,9,12,[10  2],10,50,62,40,33
1,<environment.Job instance at 0x7fc80e640780>,16,18,[5 7],17,62,80,45,56
1,<environment.Job instance at 0x7fc80e640e10>,13,16,[ 4 10],14,80,96,66,67
1,<environment.Job instance at 0x7fc80e648af0>,25,12,[7 4],26,96,108,70,79
1,<environment.Job instance at 0x7fc80e648460>,27,17,[3 5],28,96,113,68,88
1,<environment.Job instance at 0x7fc7c33ebc80>,7,12,[4 8],8,11,23,3,11
1,<environment.Job instance at 0x7fc7c33eb550>,11,14,[4 7],12,25,39,13,25
1,<environment.Job instance at 0x7fc7c33ebb90>,13,14,[5 2],14,39,53,25,39
1,<environment.Job instance at 0x7fc7c33eb460>,16,17,[7 1],17,62,79,45,62
1,<environment.Job instance at 0x7fc7c349a870>,3,2,[5 9],4,4,6,0,4
1,<environment.Job instance at 0x7fc7c349a370>,6,17,[3 8],7,9,26,2,9
1,<environment.Job instance at 0x7fc7c38315a0>,9,14,[ 1 10],10,26,40,16,12
1,<environment.Job instance at 0x7fc809230a50>,2,15,[6 1],3,3,18,0,3
1,<environment.Job instance at 0x7fc7c34c55f0>,3,12,[6 4],4,18,30,14,4
1,<environment.Job instance at 0x7fc7c37b55f0>,10,17,[6 2],11,56,73,45,56
1,<environment.Job instance at 0x7fc8097a7a50>,4,22,[6 5],5,5,27,0,5
1,<environment.Job instance at 0x7fc8097a7820>,6,12,[9 5],7,27,39,20,10
1,<environment.Job instance at 0x7fc8097a7870>,9,12,[ 5 10],10,39,51,29,23
1,<environment.Job instance at 0x7fc8097a77d0>,5,15,[5 5],6,51,66,45,37
1,<environment.Job instance at 0x7fc8097a7c30>,13,15,[4 6],14,69,84,55,69
1,<environment.Job instance at 0x7fc7c33d4eb0>,19,13,[1 7],20,84,97,64,72
1,<environment.Job instance at 0x7fc7c33d4690>,17,18,[1 5],18,145,163,127,145
1,<environment.Job instance at 0x7fc809631b40>,30,18,[1 6],31,163,181,132,153
1,<environment.Job instance at 0x7fc809631f50>,32,17,[5 5],33,181,198,148,169
1,<environment.Job instance at 0x7fc7c3550960>,3,3,[7 4],4,4,7,0,4
1,<environment.Job instance at 0x7fc7c3976910>,4,12,[3 8],5,7,19,2,5
1,<environment.Job instance at 0x7fc7c3976190>,5,3,[10  2],6,69,72,63,69
1,<environment.Job instance at 0x7fc808f11910>,10,16,[3 8],11,94,110,83,94
1,<environment.Job instance at 0x7fc8091d4fa0>,17,14,[5 7],18,110,124,92,96
1,<environment.Job instance at 0x7fc7c35eb9b0>,22,3,[2 7],23,124,127,101,121
1,<environment.Job instance at 0x7fc8091d4320>,16,16,[6 3],17,140,156,123,140
1,<environment.Job instance at 0x7fc7c3562780>,28,13,[5 1],29,156,169,127,140
1,<environment.Job instance at 0x7fc7c39c10f0>,18,18,[4 7],19,141,159,122,141
1,<environment.Job instance at 0x7fc7c3550500>,1,17,[4 8],2,159,176,157,150
1,<environment.Job instance at 0x7fc80960e5f0>,30,16,[10  4],31,176,192,145,165
1,<environment.Job instance at 0x7fc7c3808910>,8,16,[6 3],9,9,25,0,9
1,<environment.Job instance at 0x7fc7c38086e0>,7,15,[9 5],8,25,40,17,11
1,<environment.Job instance at 0x7fc7c3808aa0>,10,15,[5 5],11,40,55,29,26
1,<environment.Job instance at 0x7fc7c3808780>,12,12,[7 2],13,55,67,42,38
1,<environment.Job instance at 0x7fc7c3808d20>,14,13,[2 9],15,67,80,52,52
1,<environment.Job instance at 0x7fc7c3808eb0>,17,16,[9 1],18,80,96,62,67
1,<environment.Job instance at 0x7fc7c37f5190>,21,17,[ 5 10],22,96,113,74,95
1,<environment.Job instance at 0x7fc7c37f5690>,26,13,[7 5],27,542,555,515,542
1,<environment.Job instance at 0x7fc7c37f54b0>,27,18,[5 9],28,555,573,527,544
1,<environment.Job instance at 0x7fc7c37f5960>,33,13,[10  4],34,573,586,539,562
1,<environment.Job instance at 0x7fc7c37f5aa0>,34,16,[5 5],35,586,602,551,573
1,<environment.Job instance at 0x7fc80e3c5af0>,5,12,[1 6],6,8,20,2,8
1,<environment.Job instance at 0x7fc80e3c5140>,4,14,[1 5],5,20,34,15,9
1,<environment.Job instance at 0x7fc80e3c55f0>,6,18,[1 7],7,34,52,27,25
1,<environment.Job instance at 0x7fc80e3c55f0>,3,12,[7 2],4,4,16,0,4
1,<environment.Job instance at 0x7fc809772f00>,10,15,[4 5],11,67,82,56,67
1,<environment.Job instance at 0x7fc808f05b40>,14,18,[6 1],15,95,113,80,95
1,<environment.Job instance at 0x7fc7c34cbaf0>,7,13,[9 4],8,113,126,105,97
1,<environment.Job instance at 0x7fc808f05dc0>,18,16,[ 5 10],19,126,142,107,115
1,<environment.Job instance at 0x7fc80918da00>,23,12,[4 6],24,142,154,118,130
1,<environment.Job instance at 0x7fc8091c7aa0>,32,15,[4 9],33,351,366,318,351
1,<environment.Job instance at 0x7fc7c34743c0>,10,15,[5 5],11,65,80,54,65
1,<environment.Job instance at 0x7fc7c3474640>,14,13,[7 5],15,89,102,74,89
1,<environment.Job instance at 0x7fc7c367b8c0>,7,12,[6 3],8,8,20,0,8
1,<environment.Job instance at 0x7fc7c367b370>,2,13,[5 8],3,20,33,17,8
1,<environment.Job instance at 0x7fc7c367bbe0>,9,17,[5 7],10,58,75,48,58
1,<environment.Job instance at 0x7fc7c367bd20>,0,14,[9 5],1,75,89,74,64
1,<environment.Job instance at 0x7fc7c3a595f0>,20,16,[2 8],21,89,105,68,76
1,<environment.Job instance at 0x7fc7c367b230>,12,16,[ 4 10],13,105,121,92,92
1,<environment.Job instance at 0x7fc7c3a59f00>,25,13,[5 1],26,92,105,66,92
1,<environment.Job instance at 0x7fc8099e66e0>,34,17,[10  5],35,130,147,95,130
1,<environment.Job instance at 0x7fc808f46690>,3,13,[1 7],4,20,33,16,20
1,<environment.Job instance at 0x7fc808eb9fa0>,1,13,[1 9],2,33,46,31,20
1,<environment.Job instance at 0x7fc809744230>,15,2,[5 4],16,46,48,30,26
1,<environment.Job instance at 0x7fc809744aa0>,16,17,[5 4],17,46,63,29,38
1,<environment.Job instance at 0x7fc809744870>,17,14,[8 1],18,63,77,45,52
1,<environment.Job instance at 0x7fc808f46550>,8,17,[ 1 10],9,77,94,68,65
1,<environment.Job instance at 0x7fc809824230>,2,14,[5 4],3,4,18,1,4
1,<environment.Job instance at 0x7fc7c393a550>,0,14,[3 8],1,18,32,17,8
1,<environment.Job instance at 0x7fc8097442d0>,3,12,[ 3 10],4,32,44,28,21
1,<environment.Job instance at 0x7fc80911cfa0>,11,17,[8 4],12,44,61,32,33
1,<environment.Job instance at 0x7fc7c3771230>,9,17,[5 5],10,61,78,51,50
1,<environment.Job instance at 0x7fc80910bc30>,17,17,[9 2],18,2599,2616,2581,2599
1,<environment.Job instance at 0x7fc7c339f230>,7,15,[8 5],8,8,23,0,8
1,<environment.Job instance at 0x7fc7c342fdc0>,4,17,[8 3],5,23,40,18,18
1,<environment.Job instance at 0x7fc7c339f690>,11,13,[7 5],12,40,53,28,24
1,<environment.Job instance at 0x7fc7c32b4e60>,19,2,[6 2],20,53,55,33,32
1,<environment.Job instance at 0x7fc7c32c30a0>,2,1,[10  1],3,4,5,1,4
1,<environment.Job instance at 0x7fc7c32c3eb0>,5,17,[7 2],6,12,29,6,12
1,<environment.Job instance at 0x7fc7c32c3190>,7,13,[7 2],8,29,42,21,13
1,<environment.Job instance at 0x7fc7c32c3d20>,1,12,[10  1],2,59,71,57,59
1,<environment.Job instance at 0x7fc7c32c3550>,11,15,[10  5],12,71,86,59,59
1,<environment.Job instance at 0x7fc809048320>,18,19,[6 2],19,86,105,67,81
1,<environment.Job instance at 0x7fc8090481e0>,22,13,[5 5],23,108,121,85,108
1,<environment.Job instance at 0x7fc7c32c3a00>,6,18,[ 4 10],7,121,139,114,112
1,<environment.Job instance at 0x7fc809048730>,24,14,[ 3 10],25,139,153,114,124
1,<environment.Job instance at 0x7fc7c35d4e10>,7,2,[9 4],8,72,74,64,72
1,<environment.Job instance at 0x7fc7c35d4280>,8,19,[3 8],9,86,105,77,86
1,<environment.Job instance at 0x7fc7c3147eb0>,3,12,[3 5],4,105,117,101,96
1,<environment.Job instance at 0x7fc7c35d4050>,12,14,[6 3],13,105,119,92,96
1,<environment.Job instance at 0x7fc809248b90>,0,13,[9 3],1,6,19,5,6
1,<environment.Job instance at 0x7fc7c3170320>,3,14,[5 4],4,49,63,45,49
1,<environment.Job instance at 0x7fc7c3170d20>,2,14,[ 3 10],3,63,77,60,49
1,<environment.Job instance at 0x7fc809cfdd70>,17,17,[4 7],18,77,94,59,66
1,<environment.Job instance at 0x7fc7c311ba50>,3,1,[10  4],4,4,5,0,4
1,<environment.Job instance at 0x7fc8096d2230>,4,12,[5 1],5,5,17,0,5
1,<environment.Job instance at 0x7fc7c311b820>,6,12,[4 8],7,8,20,1,8
1,<environment.Job instance at 0x7fc8096d22d0>,8,2,[5 4],9,20,22,11,9
1,<environment.Job instance at 0x7fc8096d2050>,7,14,[1 9],8,22,36,14,10
1,<environment.Job instance at 0x7fc80996aeb0>,14,16,[3 6],15,36,52,21,24
1,<environment.Job instance at 0x7fc80996acd0>,16,19,[6 2],17,41,60,24,41
1,<environment.Job instance at 0x7fc80996a0a0>,18,19,[8 1],19,60,79,41,50
1,<environment.Job instance at 0x7fc80996a2d0>,20,1,[2 7],21,54,55,33,54
1,<environment.Job instance at 0x7fc80996a3c0>,21,3,[ 5 10],22,79,82,57,54
1,<environment.Job instance at 0x7fc7c351e140>,25,13,[1 9],26,65,78,39,65
1,<environment.Job instance at 0x7fc7c351e0f0>,26,15,[6 2],27,82,97,55,68
1,<environment.Job instance at 0x7fc7c339d190>,8,3,[2 6],9,51,54,42,51
1,<environment.Job instance at 0x7fc808f61320>,0,17,[10  3],1,91,108,90,91
1,<environment.Job instance at 0x7fc8094fe2d0>,11,16,[5 2],12,108,124,96,95
1,<environment.Job instance at 0x7fc809c6ff50>,12,15,[4 7],13,108,123,95,97
1,<environment.Job instance at 0x7f20576bb140>,4,14,[1 6],5,69,83,64,69
1,<environment.Job instance at 0x7f20502ac5a0>,6,20,[6 1],7,69,89,62,69
1,<environment.Job instance at 0x7f20502acaa0>,14,13,[7 3],15,89,102,74,80
1,<environment.Job instance at 0x7f20502acb40>,15,18,[2 8],16,102,120,86,91
1,<environment.Job instance at 0x7f20502b6280>,2,15,[5 9],3,7,22,4,7
1,<environment.Job instance at 0x7f2057828960>,8,2,[ 3 10],9,22,24,13,9
1,<environment.Job instance at 0x7f205782eaf0>,10,16,[7 1],11,24,40,13,12
1,<environment.Job instance at 0x7f205782e460>,12,14,[4 7],13,40,54,27,25
1,<environment.Job instance at 0x7f205782e730>,15,12,[7 4],16,54,66,38,37
1,<environment.Job instance at 0x7f205782d870>,17,17,[3 5],18,54,71,36,43
1,<environment.Job instance at 0x7f20502acc80>,6,18,[5 7],7,71,89,64,65
1,<environment.Job instance at 0x7f205782d780>,21,12,[8 1],22,89,101,67,78
1,<environment.Job instance at 0x7f20578281e0>,3,16,[ 4 10],4,144,160,140,144
1,<environment.Job instance at 0x7f200c65b0a0>,14,19,[6 1],15,59,78,44,59
1,<environment.Job instance at 0x7f200c67c0a0>,21,13,[4 9],22,108,121,86,108
1,<environment.Job instance at 0x7f200c67cc30>,25,13,[5 2],26,162,175,136,162
1,<environment.Job instance at 0x7f200c67cd70>,32,28,[2 8],33,170,198,137,170
1,<environment.Job instance at 0x7f200c67c3c0>,34,3,[10  2],35,198,201,163,173
1,<environment.Job instance at 0x7f200c67c5f0>,36,3,[ 5 10],37,201,204,164,177
1,<environment.Job instance at 0x7f200c6a7c80>,40,17,[7 5],41,218,235,177,218
1,<environment.Job instance at 0x7f200c6a7190>,41,14,[2 7],42,235,249,193,221
1,<environment.Job instance at 0x7f200c6a7910>,48,17,[5 2],49,245,262,196,245
1,<environment.Job instance at 0x7f200c6a7dc0>,49,22,[2 7],50,249,271,199,245
1,<environment.Job instance at 0x7f2057821e60>,8,18,[4 6],9,19,37,10,19
1,<environment.Job instance at 0x7f200c6a3730>,16,3,[9 1],17,134,137,117,134
1,<environment.Job instance at 0x7f200c6a3dc0>,17,17,[5 2],18,137,154,119,134
1,<environment.Job instance at 0x7f200ca09960>,19,1,[5 4],20,137,138,117,134
1,<environment.Job instance at 0x7f200ca095a0>,21,1,[ 2 10],22,159,160,137,159
1,<environment.Job instance at 0x7f200c6a3c30>,14,14,[5 5],15,187,201,172,187
1,<environment.Job instance at 0x7f200ca09fa0>,23,13,[4 7],24,201,214,177,191
1,<environment.Job instance at 0x7f200ca09870>,27,13,[5 4],28,214,227,186,209
1,<environment.Job instance at 0x7f200ca09dc0>,30,13,[4 5],31,234,247,203,234
1,<environment.Job instance at 0x7f200ca09eb0>,35,17,[7 2],36,248,265,212,248
1,<environment.Job instance at 0x7f200ca09c80>,36,13,[4 9],37,265,278,228,249
1,<environment.Job instance at 0x7f20500ef730>,2,15,[5 5],3,3,18,0,3
1,<environment.Job instance at 0x7f200c99dd70>,5,2,[6 1],6,18,20,12,7
1,<environment.Job instance at 0x7f200ca090f0>,4,13,[4 8],5,18,31,13,7
1,<environment.Job instance at 0x7f200c99dbe0>,13,23,[10  2],14,76,99,62,76
1,<environment.Job instance at 0x7f200c9a30f0>,17,23,[2 9],18,106,129,88,106
1,<environment.Job instance at 0x7f2056ffa2d0>,0,18,[1 7],1,4,22,3,4
1,<environment.Job instance at 0x7f2056ffa690>,8,13,[3 6],9,22,35,13,15
1,<environment.Job instance at 0x7f2056ffa4b0>,3,15,[10  4],4,66,81,62,66
1,<environment.Job instance at 0x7f2056ffa910>,14,17,[8 4],15,81,98,66,69
1,<environment.Job instance at 0x7f2050132550>,18,13,[7 2],19,98,111,79,82
1,<environment.Job instance at 0x7f2050132690>,22,16,[5 5],23,111,127,88,101
1,<environment.Job instance at 0x7f2050132a00>,25,3,[10  2],26,127,130,101,101
1,<environment.Job instance at 0x7f200c777a00>,30,16,[3 8],31,152,168,121,152
1,<environment.Job instance at 0x7f2050132d70>,21,17,[4 8],22,199,216,177,199
1,<environment.Job instance at 0x7f200c777e10>,37,14,[5 7],38,216,230,178,201
1,<environment.Job instance at 0x7f200c777cd0>,42,3,[2 7],43,230,233,187,224
1,<environment.Job instance at 0x7f200c777eb0>,45,1,[ 1 10],46,243,244,197,243
1,<environment.Job instance at 0x7f2056ffa230>,2,16,[4 8],3,244,260,241,243
1,<environment.Job instance at 0x7f200c7773c0>,47,13,[10  3],48,260,273,212,244
1,<environment.Job instance at 0x7f205009b5a0>,6,14,[10  3],7,15,29,8,15
1,<environment.Job instance at 0x7f2050590640>,9,18,[2 9],10,29,47,19,22
1,<environment.Job instance at 0x7f2050590780>,11,13,[6 5],12,68,81,56,68
1,<environment.Job instance at 0x7f2056aa9820>,2,16,[10  3],3,95,111,92,95
1,<environment.Job instance at 0x7f2050689690>,18,16,[6 3],19,111,127,92,99
1,<environment.Job instance at 0x7f20503fbd70>,22,12,[7 2],23,127,139,104,113
1,<environment.Job instance at 0x7f20500ec2d0>,24,13,[2 9],25,139,152,114,126
1,<environment.Job instance at 0x7f200cafdc80>,6,18,[1 7],7,10,28,3,10
1,<environment.Job instance at 0x7f200cafdeb0>,9,15,[1 6],10,28,43,18,15
1,<environment.Job instance at 0x7f20502517d0>,9,18,[7 3],10,10,28,0,10
1,<environment.Job instance at 0x7f200c7b0730>,8,16,[ 5 10],9,28,44,19,15
1,<environment.Job instance at 0x7f200c722140>,5,16,[4 5],6,44,60,38,43
1,<environment.Job instance at 0x7f200c4317d0>,12,17,[5 8],13,101,118,88,101
1,<environment.Job instance at 0x7f2056c4d2d0>,9,1,[6 1],10,29,30,19,29
1,<environment.Job instance at 0x7f2056c4d550>,10,15,[5 2],11,32,47,21,32
1,<environment.Job instance at 0x7f2056b1e960>,5,17,[6 5],6,47,64,41,42
1,<environment.Job instance at 0x7f2056c93500>,12,14,[7 1],13,64,78,51,49
1,<environment.Job instance at 0x7f20570619b0>,17,14,[2 6],18,64,78,46,51
1,<environment.Job instance at 0x7f20570613c0>,18,15,[3 8],19,78,93,59,65
1,<environment.Job instance at 0x7f20570fe410>,23,3,[4 5],24,93,96,69,92
1,<environment.Job instance at 0x7f200c804d20>,27,20,[3 7],28,156,176,128,156
1,<environment.Job instance at 0x7f205008b0a0>,29,18,[7 1],30,160,178,130,160
1,<environment.Job instance at 0x7f200c6af550>,8,16,[1 5],9,44,60,35,44
1,<environment.Job instance at 0x7f200c6afbe0>,13,15,[3 8],14,60,75,46,47
1,<environment.Job instance at 0x7f200c6afc80>,14,13,[6 5],15,47,60,32,47
1,<environment.Job instance at 0x7f205054c640>,5,15,[6 1],6,7,22,1,7
1,<environment.Job instance at 0x7f20504395a0>,12,15,[7 5],13,71,86,58,71
1,<environment.Job instance at 0x7f2050439550>,15,14,[ 1 10],16,86,100,70,75
1,<environment.Job instance at 0x7f2050439af0>,18,16,[8 1],19,126,142,107,126
1,<environment.Job instance at 0x7f2050439910>,22,14,[7 2],23,142,156,119,137
1,<environment.Job instance at 0x7f20504390f0>,24,14,[7 2],25,160,174,135,160
1,<environment.Job instance at 0x7f2050321730>,25,12,[6 1],26,174,186,148,160
1,<environment.Job instance at 0x7f2050439a00>,19,18,[3 7],20,160,178,140,160
1,<environment.Job instance at 0x7f2050321870>,31,16,[6 5],32,186,202,154,173
1,<environment.Job instance at 0x7f2050321f50>,33,12,[ 3 10],34,202,214,168,185
1,<environment.Job instance at 0x7f2050321460>,36,12,[10  1],37,219,231,182,219
1,<environment.Job instance at 0x7f2050321230>,39,17,[5 5],40,231,248,191,219
1,<environment.Job instance at 0x7f2050752370>,9,12,[6 3],10,23,35,13,23
1,<environment.Job instance at 0x7f20507528c0>,7,18,[1 5],8,23,41,15,23
1,<environment.Job instance at 0x7f2050752c80>,10,16,[10  2],11,41,57,30,29
1,<environment.Job instance at 0x7f20507520f0>,15,18,[6 2],16,57,75,41,47
1,<environment.Job instance at 0x7f200c2b8fa0>,5,2,[3 9],6,6,8,0,6
1,<environment.Job instance at 0x7f200c4ee690>,3,14,[5 7],4,8,22,4,7
1,<environment.Job instance at 0x7f205042df50>,12,1,[10  1],13,42,43,29,42
1,<environment.Job instance at 0x7f205042d9b0>,11,12,[10  1],12,44,56,32,44
1,<environment.Job instance at 0x7f205042d5f0>,15,17,[7 2],16,56,73,40,46
1,<environment.Job instance at 0x7f200c2b8be0>,6,15,[ 4 10],7,73,88,66,59
1,<environment.Job instance at 0x7f200c7df0f0>,21,15,[10  5],22,95,110,73,95
1,<environment.Job instance at 0x7f2050460730>,25,12,[9 1],26,122,134,96,122
1,<environment.Job instance at 0x7f20504280a0>,16,18,[ 4 10],17,134,152,117,129
1,<environment.Job instance at 0x7f205018f5a0>,28,19,[6 2],29,152,171,123,142
1,<environment.Job instance at 0x7f205045d730>,3,12,[3 5],4,4,16,0,4
1,<environment.Job instance at 0x7f200c78d820>,12,14,[6 3],13,95,109,82,95
1,<environment.Job instance at 0x7f200c78d6e0>,11,14,[5 9],12,109,123,97,96
1,<environment.Job instance at 0x7f205013b8c0>,5,14,[3 9],6,6,20,0,6
1,<environment.Job instance at 0x7f205013b320>,6,12,[10  1],7,20,32,13,9
1,<environment.Job instance at 0x7f205066d910>,1,3,[ 5 10],2,6,9,4,6
1,<environment.Job instance at 0x7f2056c11f00>,5,13,[1 9],6,9,22,3,9
1,<environment.Job instance at 0x7f2050579cd0>,2,12,[5 6],3,22,34,19,10
1,<environment.Job instance at 0x7f2056c07b90>,10,16,[8 5],11,34,50,23,30
1,<environment.Job instance at 0x7f2056bf3dc0>,17,18,[5 2],18,74,92,56,74
1,<environment.Job instance at 0x7f20506edaa0>,7,13,[3 7],8,8,21,0,8
1,<environment.Job instance at 0x7f2056fa2910>,9,12,[10  2],10,21,33,11,10
1,<environment.Job instance at 0x7f200c3772d0>,5,15,[2 8],6,33,48,27,19
1,<environment.Job instance at 0x7f20500abdc0>,0,12,[9 5],1,48,60,47,33
1,<environment.Job instance at 0x7f200c377f50>,6,18,[10  3],7,60,78,53,49
1,<environment.Job instance at 0x7f200c63bb40>,18,13,[6 3],19,78,91,59,66
1,<environment.Job instance at 0x7f2050103410>,21,20,[1 5],22,78,98,56,73
1,<environment.Job instance at 0x7f200c885f50>,22,13,[9 1],23,91,104,68,76
1,<environment.Job instance at 0x7f2056ed5f50>,25,13,[5 7],26,104,117,78,93
1,<environment.Job instance at 0x7f200c63b690>,13,18,[ 2 10],14,117,135,103,106
1,<environment.Job instance at 0x7f200c380d70>,32,14,[7 4],33,135,149,102,122
1,<environment.Job instance at 0x7f200cc403c0>,0,19,[ 3 10],1,74,93,73,74
1,<environment.Job instance at 0x7f200ca4b550>,12,3,[4 8],13,115,118,102,115
1,<environment.Job instance at 0x7f200ca4b6e0>,13,16,[ 5 10],14,188,204,174,188
1,<environment.Job instance at 0x7f20501c4960>,6,15,[7 2],7,7,22,0,7
1,<environment.Job instance at 0x7f2056d53870>,5,15,[2 5],6,8,23,2,8
1,<environment.Job instance at 0x7f2056fe32d0>,8,2,[7 4],9,22,24,13,9
1,<environment.Job instance at 0x7f2056fe3960>,7,19,[10  4],8,24,43,16,18
1,<environment.Job instance at 0x7f2050455500>,14,2,[ 2 10],15,43,45,28,43
1,<environment.Job instance at 0x7f20501deeb0>,16,23,[5 3],17,45,68,28,43
1,<environment.Job instance at 0x7f200c224050>,18,14,[4 5],19,68,82,49,68
1,<environment.Job instance at 0x7fc6c4a35500>,5,24,[1 5],6,57,81,51,57
1,<environment.Job instance at 0x7fc6c4a35aa0>,14,13,[7 3],15,75,88,60,75
1,<environment.Job instance at 0x7fc6c4a35be0>,16,16,[3 5],17,81,97,64,80
1,<environment.Job instance at 0x7fc6c4a46320>,0,16,[7 1],1,4,20,3,4
1,<environment.Job instance at 0x7fc6c9fab190>,11,12,[8 1],12,117,129,105,117
1,<environment.Job instance at 0x7fc6c4a462d0>,2,14,[4 7],3,129,143,126,117
1,<environment.Job instance at 0x7fc6c9fb85a0>,18,12,[ 3 10],19,143,155,124,141
1,<environment.Job instance at 0x7fc6c9fb8550>,20,14,[10  4],21,157,171,136,157
1,<environment.Job instance at 0x7fc6c9fb8190>,23,2,[6 2],24,187,189,163,187
1,<environment.Job instance at 0x7fc6c9fb8190>,2,14,[2 9],3,7,21,4,7
1,<environment.Job instance at 0x7fc67ecf3730>,5,13,[5 2],6,21,34,15,19
1,<environment.Job instance at 0x7fc67ed36370>,13,12,[1 7],14,34,46,20,34
1,<environment.Job instance at 0x7fc67ed368c0>,15,3,[5 5],16,46,49,30,34
1,<environment.Job instance at 0x7fc67ed369b0>,16,3,[ 5 10],17,49,52,32,34
1,<environment.Job instance at 0x7fc67ed36410>,17,20,[5 3],18,52,72,34,43
1,<environment.Job instance at 0x7fc67ed36910>,21,14,[2 7],22,55,69,33,55
1,<environment.Job instance at 0x7fc67ee32730>,29,22,[2 7],30,110,132,80,110
1,<environment.Job instance at 0x7fc67ed36be0>,20,17,[7 5],21,132,149,111,122
1,<environment.Job instance at 0x7fc67ee32140>,33,2,[5 9],34,149,151,115,137
1,<environment.Job instance at 0x7fc67ee32aa0>,34,13,[9 4],35,151,164,116,137
1,<environment.Job instance at 0x7fc67ed88230>,0,13,[4 5],1,6,19,5,6
1,<environment.Job instance at 0x7fc67ee32690>,5,17,[7 2],6,19,36,13,7
1,<environment.Job instance at 0x7fc67ed36f50>,9,16,[6 5],10,36,52,26,23
1,<environment.Job instance at 0x7fc67ec81c30>,6,13,[4 9],7,52,65,45,37
1,<environment.Job instance at 0x7fc67f121280>,12,2,[5 7],13,115,117,102,115
1,<environment.Job instance at 0x7fc67f121500>,16,13,[5 5],17,137,150,120,137
1,<environment.Job instance at 0x7fc67f1215a0>,17,2,[6 3],18,150,152,132,137
1,<environment.Job instance at 0x7fc67f127320>,7,18,[1 5],8,139,157,131,139
1,<environment.Job instance at 0x7fc67f1218c0>,20,18,[1 6],21,157,175,136,146
1,<environment.Job instance at 0x7fc67f121910>,23,1,[7 4],24,152,153,128,152
1,<environment.Job instance at 0x7fc67f121a50>,24,16,[10  4],25,175,191,150,162
1,<environment.Job instance at 0x7fc6c4bc2190>,0,17,[7 5],1,191,208,190,183
1,<environment.Job instance at 0x7fc67f121d70>,29,18,[9 5],30,218,236,188,218
1,<environment.Job instance at 0x7fc67f121f50>,31,16,[7 4],32,236,252,204,224
1,<environment.Job instance at 0x7fc6c4c44d70>,0,16,[10  4],1,190,206,189,190
1,<environment.Job instance at 0x7fc6c4ca9dc0>,7,17,[2 5],8,42,59,34,42
1,<environment.Job instance at 0x7fc6c4ca9780>,4,19,[6 3],5,43,62,38,43
1,<environment.Job instance at 0x7fc6c4a8a190>,11,12,[10  5],12,62,74,50,47
1,<environment.Job instance at 0x7fc6c4a8ab90>,9,13,[3 9],10,74,87,64,61
1,<environment.Job instance at 0x7fc6c71bc7d0>,20,17,[1 9],21,116,133,95,116
1,<environment.Job instance at 0x7fc6c4af1f00>,24,14,[1 5],25,133,147,108,131
1,<environment.Job instance at 0x7fc67f0f4820>,25,12,[1 6],26,147,159,121,131
1,<environment.Job instance at 0x7fc6c47fe460>,4,15,[10  3],5,6,21,1,6
1,<environment.Job instance at 0x7fc6c47fe6e0>,7,13,[9 4],8,88,101,80,88
1,<environment.Job instance at 0x7fc6c47fef00>,20,16,[9 2],21,101,117,80,88
1,<environment.Job instance at 0x7fc6c47e9050>,23,12,[4 6],24,117,129,93,107
1,<environment.Job instance at 0x7fc6c47e90f0>,22,17,[5 8],23,129,146,106,128
1,<environment.Job instance at 0x7fc6c47e9460>,29,28,[3 6],30,158,186,128,158
1,<environment.Job instance at 0x7fc6c47e9500>,30,2,[1 6],31,186,188,155,160
1,<environment.Job instance at 0x7fc6c47e9640>,32,15,[4 9],33,930,945,897,930
1,<environment.Job instance at 0x7fc67efe50f0>,5,17,[6 5],6,29,46,23,29
1,<environment.Job instance at 0x7fc6c6febb90>,9,1,[6 1],10,46,47,36,29
1,<environment.Job instance at 0x7fc6c6febc80>,8,16,[ 5 10],9,47,63,38,34
1,<environment.Job instance at 0x7fc67f277140>,14,15,[9 4],15,63,78,48,57
1,<environment.Job instance at 0x7fc6c4b35b40>,17,14,[2 6],18,80,94,62,80
1,<environment.Job instance at 0x7fc67f2770a0>,12,14,[7 1],13,80,94,67,80
1,<environment.Job instance at 0x7fc6c4b355f0>,18,15,[3 8],19,102,117,83,102
1,<environment.Job instance at 0x7fc6c6feda50>,4,13,[6 5],5,5,18,0,5
1,<environment.Job instance at 0x7fc6c4dad1e0>,6,13,[9 2],7,7,20,0,7
1,<environment.Job instance at 0x7fc6c4dad460>,7,2,[6 3],8,20,22,12,8
1,<environment.Job instance at 0x7fc6c4dadaf0>,5,12,[6 1],6,22,34,16,10
1,<environment.Job instance at 0x7fc67ebb18c0>,10,14,[3 8],11,22,36,11,11
1,<environment.Job instance at 0x7fc67ebad9b0>,11,16,[6 5],12,36,52,24,23
1,<environment.Job instance at 0x7fc6c7099280>,9,15,[10  1],10,52,67,42,40
1,<environment.Job instance at 0x7fc6c4dc14b0>,19,17,[5 5],20,67,84,47,56
1,<environment.Job instance at 0x7fc6c4d145a0>,3,3,[2 8],4,4,7,0,4
1,<environment.Job instance at 0x7fc67ecf3960>,0,13,[3 6],1,7,20,6,4
1,<environment.Job instance at 0x7fc6c4d14780>,11,2,[2 7],12,20,22,8,13
1,<environment.Job instance at 0x7fc6c4e752d0>,13,3,[9 1],14,22,25,8,14
1,<environment.Job instance at 0x7fc6c4b0bd70>,16,15,[7 1],17,25,40,8,19
1,<environment.Job instance at 0x7fc6c4b0bf00>,17,14,[3 8],18,25,39,7,20
1,<environment.Job instance at 0x7fc6c4b0b8c0>,18,12,[5 9],19,40,52,21,25
1,<environment.Job instance at 0x7fc6c4df5b90>,20,15,[4 6],21,52,67,31,38
1,<environment.Job instance at 0x7fc6c70705a0>,24,12,[7 5],25,67,79,42,56
1,<environment.Job instance at 0x7fc6c7070b90>,23,17,[10  3],24,79,96,55,67
1,<environment.Job instance at 0x7fc6c487d960>,32,17,[8 5],33,96,113,63,84
1,<environment.Job instance at 0x7fc6c487dd20>,41,17,[6 4],42,1187,1204,1145,1187
1,<environment.Job instance at 0x7fc6c487d5a0>,44,13,[10  5],45,1204,1217,1159,1188
1,<environment.Job instance at 0x7fc6c49e09b0>,45,14,[2 6],46,1188,1202,1142,1188
1,<environment.Job instance at 0x7fc6c49e0870>,48,2,[8 5],49,1217,1219,1168,1190
1,<environment.Job instance at 0x7fc6c48cd050>,7,15,[6 4],8,8,23,0,8
1,<environment.Job instance at 0x7fc6c49c6d20>,12,14,[1 7],13,41,55,28,41
1,<environment.Job instance at 0x7fc6c700c0a0>,2,13,[5 5],3,5,18,2,5
1,<environment.Job instance at 0x7fc6c7340550>,0,18,[7 2],1,18,36,17,8
1,<environment.Job instance at 0x7fc67eaac280>,7,17,[10  1],8,36,53,28,29
1,<environment.Job instance at 0x7fc67f165410>,3,1,[10  4],4,4,5,0,4
1,<environment.Job instance at 0x7fc67f165320>,4,12,[5 1],5,5,17,0,5
1,<environment.Job instance at 0x7fc6c47d4be0>,7,14,[1 9],8,8,22,0,8
1,<environment.Job instance at 0x7fc6c47d4b90>,8,2,[5 4],9,22,24,13,9
1,<environment.Job instance at 0x7fc6c4eb0910>,9,12,[1 7],10,24,36,14,10
1,<environment.Job instance at 0x7fc6c7583460>,13,17,[5 5],14,36,53,22,24
1,<environment.Job instance at 0x7fc6c757b140>,14,16,[3 6],15,53,69,38,41
1,<environment.Job instance at 0x7fc6c4b08c80>,21,3,[ 5 10],22,69,72,47,54
1,<environment.Job instance at 0x7fc6c4b08230>,25,13,[1 9],26,77,90,51,77
1,<environment.Job instance at 0x7fc6c4b081e0>,22,12,[5 6],23,90,102,67,84
1,<environment.Job instance at 0x7fc67ec2c960>,0,1,[2 5],1,1,2,0,1
1,<environment.Job instance at 0x7fc67ec2ca00>,1,13,[3 7],2,5,18,3,5
1,<environment.Job instance at 0x7fc67f2b1910>,11,1,[3 9],12,29,30,17,29
1,<environment.Job instance at 0x7fc67f2b1d20>,12,12,[9 4],13,30,42,17,30
1,<environment.Job instance at 0x7fc67f2b10a0>,13,14,[1 8],14,42,56,28,31
1,<environment.Job instance at 0x7fc67f2b1410>,8,18,[3 9],9,56,74,47,45
1,<environment.Job instance at 0x7fc67f2b1e60>,16,18,[10  3],17,74,92,57,63
1,<environment.Job instance at 0x7fc67f2b1690>,18,2,[6 2],19,92,94,73,65
1,<environment.Job instance at 0x7fc67efc2e10>,21,18,[ 2 10],22,94,112,72,84
1,<environment.Job instance at 0x7fc67efc2500>,23,18,[ 2 10],24,112,130,88,101
1,<environment.Job instance at 0x7fc67efc2690>,24,18,[5 9],25,130,148,105,120
1,<environment.Job instance at 0x7fc67efcf820>,28,13,[6 3],29,148,161,119,136
1,<environment.Job instance at 0x7fc67ef64a50>,13,16,[ 5 10],14,148,164,134,148
1,<environment.Job instance at 0x7fc6c48b4820>,17,1,[4 7],18,2184,2185,2166,2184
1,<environment.Job instance at 0x7fc67f011af0>,6,23,[5 3],7,7,30,0,7
1,<environment.Job instance at 0x7fc6c4c818c0>,4,2,[ 2 10],5,30,32,25,23
1,<environment.Job instance at 0x7fc67f011cd0>,11,18,[1 7],12,65,83,53,65
1,<environment.Job instance at 0x7fc67f011e60>,8,14,[4 5],9,83,97,74,78
1,<environment.Job instance at 0x7fc6c715b3c0>,15,1,[6 4],16,83,84,67,78
1,<environment.Job instance at 0x7fc6c715b460>,16,13,[5 2],17,84,97,67,78
1,<environment.Job instance at 0x7fc6c715b500>,17,17,[2 8],18,97,114,79,85
1,<environment.Job instance at 0x7fc6c715b7d0>,23,3,[6 4],24,118,121,94,118
1,<environment.Job instance at 0x7fc6c715b870>,24,13,[9 1],25,121,134,96,118
1,<environment.Job instance at 0x7fc6c715ba50>,26,12,[1 7],27,121,133,94,120
1,<environment.Job instance at 0x7fc6c715bb90>,28,2,[5 3],29,143,145,114,143
1,<environment.Job instance at 0x7fc6c715b910>,25,18,[3 9],26,145,163,119,143
1,<environment.Job instance at 0x7fc6c715be10>,32,15,[8 4],33,163,178,130,149
1,<environment.Job instance at 0x7fc6c715b0f0>,36,19,[2 7],37,178,197,141,169
1,<environment.Job instance at 0x7fc6c715b0f0>,4,22,[10  3],5,8,30,3,8
1,<environment.Job instance at 0x7fc6c4e85c80>,10,15,[6 2],11,30,45,19,26
1,<environment.Job instance at 0x7fc67ebb1d70>,11,12,[9 4],12,45,57,33,28
1,<environment.Job instance at 0x7fc67ebb1730>,9,14,[5 7],10,57,71,47,42
1,<environment.Job instance at 0x7fc67ef15140>,17,16,[5 1],18,57,73,39,48
1,<environment.Job instance at 0x7fc67ebb1500>,14,17,[10  4],15,73,90,58,70
1,<environment.Job instance at 0x7fc67f282c30>,21,16,[8 1],22,90,106,68,77
1,<environment.Job instance at 0x7fc67ef39d70>,2,16,[2 6],3,6,22,3,6
1,<environment.Job instance at 0x7fc67eff0a00>,3,15,[10  2],4,22,37,18,17
1,<environment.Job instance at 0x7fc6c4b3d320>,10,14,[4 6],11,37,51,26,26
1,<environment.Job instance at 0x7fc67edde230>,9,17,[7 5],10,51,68,41,39
1,<environment.Job instance at 0x7fc6c49b17d0>,0,18,[1 9],1,68,86,67,59
1,<environment.Job instance at 0x7fc67f3e3280>,16,12,[2 7],17,86,98,69,78
1,<environment.Job instance at 0x7f696b19b370>,4,14,[1 6],5,73,87,68,73
1,<environment.Job instance at 0x7f6965d8ca00>,13,18,[ 4 10],14,87,105,73,86
1,<environment.Job instance at 0x7f6965d8cb40>,15,18,[2 8],16,105,123,89,94
1,<environment.Job instance at 0x7f696b1c5280>,13,2,[6 2],14,117,119,103,117
1,<environment.Job instance at 0x7f696b1c2e60>,8,12,[ 3 10],9,119,131,110,118
1,<environment.Job instance at 0x7f696b1c54b0>,16,16,[7 5],17,131,147,114,118
1,<environment.Job instance at 0x7f6920087820>,13,2,[5 9],14,38,40,24,38
1,<environment.Job instance at 0x7f692008c410>,6,22,[6 1],7,40,62,33,40
1,<environment.Job instance at 0x7f6920087460>,14,13,[9 4],15,62,75,47,51
1,<environment.Job instance at 0x7f69200870a0>,19,14,[ 1 10],20,75,89,55,65
1,<environment.Job instance at 0x7f696b313550>,5,2,[5 5],6,9,11,3,9
1,<environment.Job instance at 0x7f696b3139b0>,11,16,[5 9],12,53,69,41,53
1,<environment.Job instance at 0x7f691ffda550>,13,15,[5 1],14,53,68,39,53
1,<environment.Job instance at 0x7f691ffdaf50>,15,18,[10  5],16,69,87,53,65
1,<environment.Job instance at 0x7f692048d7d0>,8,13,[3 6],9,9,22,0,9
1,<environment.Job instance at 0x7f6920028a50>,0,18,[1 7],1,29,47,28,29
1,<environment.Job instance at 0x7f692048dc80>,13,17,[5 1],14,30,47,16,30
1,<environment.Job instance at 0x7f692048dd20>,14,17,[8 4],15,47,64,32,36
1,<environment.Job instance at 0x7f692048de60>,16,3,[3 5],17,64,67,47,48
1,<environment.Job instance at 0x7f692048dfa0>,18,13,[7 2],19,64,77,45,49
1,<environment.Job instance at 0x7f6920486280>,22,16,[5 5],23,77,93,54,75
1,<environment.Job instance at 0x7f69204863c0>,24,12,[3 8],25,93,105,68,77
1,<environment.Job instance at 0x7f69200284b0>,2,16,[4 8],3,105,121,102,99
1,<environment.Job instance at 0x7f69204869b0>,32,3,[8 4],33,152,155,119,152
1,<environment.Job instance at 0x7f6920486be0>,35,13,[10  4],36,155,168,119,155
1,<environment.Job instance at 0x7f6920486eb0>,36,16,[6 3],37,168,184,131,155
1,<environment.Job instance at 0x7f6920486d20>,38,18,[4 7],39,174,192,135,174
1,<environment.Job instance at 0x7f6920486dc0>,37,14,[5 7],38,192,206,154,177
1,<environment.Job instance at 0x7f6920484370>,42,3,[2 7],43,206,209,163,199
1,<environment.Job instance at 0x7f69204843c0>,45,1,[ 1 10],46,218,219,172,218
1,<environment.Job instance at 0x7f6920484500>,47,13,[10  3],48,219,232,171,218
1,<environment.Job instance at 0x7f69204847d0>,48,13,[5 1],49,232,245,183,218
1,<environment.Job instance at 0x7f6920484910>,49,3,[9 2],50,245,248,195,219
1,<environment.Job instance at 0x7f696af263c0>,2,12,[7 2],3,5,17,2,5
1,<environment.Job instance at 0x7f696af26910>,4,13,[2 9],5,17,30,12,6
1,<environment.Job instance at 0x7f696af26e10>,7,16,[9 1],8,30,46,22,17
1,<environment.Job instance at 0x7f696af26be0>,10,2,[5 3],11,46,48,35,19
1,<environment.Job instance at 0x7f696af26eb0>,11,17,[ 5 10],12,48,65,36,39
1,<environment.Job instance at 0x7f696af261e0>,16,13,[7 5],17,65,78,48,59
1,<environment.Job instance at 0x7f696af26550>,19,18,[8 4],20,78,96,58,67
1,<environment.Job instance at 0x7f6965c49460>,23,13,[10  4],24,96,109,72,81
1,<environment.Job instance at 0x7f692011ddc0>,2,13,[3 6],3,5,18,2,5
1,<environment.Job instance at 0x7f696a7c1d70>,9,1,[3 7],10,23,24,13,23
1,<environment.Job instance at 0x7f692055ef00>,14,15,[9 1],15,49,64,34,49
1,<environment.Job instance at 0x7f692012d4b0>,3,18,[ 3 10],4,64,82,60,56
1,<environment.Job instance at 0x7f696aac30f0>,18,17,[5 5],19,90,107,71,90
1,<environment.Job instance at 0x7f692025cf50>,21,14,[5 5],22,91,105,69,91
1,<environment.Job instance at 0x7f696ad6c050>,22,13,[1 5],23,105,118,82,91
1,<environment.Job instance at 0x7f692035e640>,28,16,[4 9],29,164,180,135,164
1,<environment.Job instance at 0x7f692002a050>,29,18,[ 2 10],30,180,198,150,172
1,<environment.Job instance at 0x7f696a5999b0>,32,14,[6 5],33,2032,2046,1999,2032
1,<environment.Job instance at 0x7f692003d8c0>,40,15,[4 5],41,2102,2117,2061,2102
1,<environment.Job instance at 0x7f69661da780>,4,1,[10  5],5,48,49,43,48
1,<environment.Job instance at 0x7f6920166f50>,10,15,[5 5],11,89,104,78,89
1,<environment.Job instance at 0x7f6920166af0>,13,15,[ 1 10],14,104,119,90,90
1,<environment.Job instance at 0x7f6920159140>,1,3,[2 7],2,3,6,1,3
1,<environment.Job instance at 0x7f6965cdbd70>,5,17,[3 6],6,7,24,1,7
1,<environment.Job instance at 0x7f696a6d5aa0>,8,16,[1 5],9,44,60,35,44
1,<environment.Job instance at 0x7f69200f9690>,11,13,[9 3],12,44,57,32,44
1,<environment.Job instance at 0x7f6965cdbc30>,4,17,[10  5],5,60,77,55,52
1,<environment.Job instance at 0x7f6965cdbc30>,4,14,[7 2],5,5,19,0,5
1,<environment.Job instance at 0x7f6965bfd870>,5,12,[6 1],6,19,31,13,6
1,<environment.Job instance at 0x7f692042d1e0>,10,14,[3 8],11,12,26,1,12
1,<environment.Job instance at 0x7f6965e9f780>,9,15,[10  1],10,31,46,21,17
1,<environment.Job instance at 0x7f692035b410>,16,12,[10  1],17,46,58,29,32
1,<environment.Job instance at 0x7f69203f3aa0>,18,16,[9 2],19,58,74,39,46
1,<environment.Job instance at 0x7f6965bfe8c0>,19,17,[5 5],20,74,91,54,62
1,<environment.Job instance at 0x7f696a60f690>,1,2,[2 7],2,2,4,0,2
1,<environment.Job instance at 0x7f6965bfe6e0>,3,3,[9 1],4,4,7,0,4
1,<environment.Job instance at 0x7f691fef7370>,7,14,[3 8],8,8,22,0,8
1,<environment.Job instance at 0x7f691fef7410>,6,15,[7 1],7,9,24,2,9
1,<environment.Job instance at 0x7f691fef75a0>,8,12,[5 9],9,24,36,15,10
1,<environment.Job instance at 0x7f691fef78c0>,11,17,[8 1],12,36,53,24,24
1,<environment.Job instance at 0x7f691fef7b40>,15,16,[8 4],16,53,69,37,40
1,<environment.Job instance at 0x7f691fef7d70>,19,2,[7 5],20,69,71,49,60
1,<environment.Job instance at 0x7f691fef7e10>,20,1,[8 3],21,71,72,50,60
1,<environment.Job instance at 0x7f691fef7eb0>,21,13,[8 3],22,72,85,50,60
1,<environment.Job instance at 0x7f691fef79b0>,23,1,[7 1],24,85,86,61,60
1,<environment.Job instance at 0x7f691fed3410>,26,14,[9 5],27,106,120,79,106
1,<environment.Job instance at 0x7f691fed3640>,31,17,[6 4],32,138,155,106,138
1,<environment.Job instance at 0x7f691fed3730>,33,3,[ 3 10],34,155,158,121,143
1,<environment.Job instance at 0x7f691fed37d0>,34,13,[10  5],35,158,171,123,143
1,<environment.Job instance at 0x7f691fed3870>,35,14,[2 6],36,171,185,135,156
1,<environment.Job instance at 0x7f691fed3b40>,36,12,[5 1],37,171,183,134,157
1,<environment.Job instance at 0x7f696abf2c80>,2,1,[4 7],3,3,4,0,3
1,<environment.Job instance at 0x7f696abf2960>,6,19,[3 6],7,7,26,0,7
1,<environment.Job instance at 0x7f69202edd70>,8,14,[9 1],9,26,40,17,11
1,<environment.Job instance at 0x7f691fed3c80>,5,18,[1 9],6,26,44,20,26
1,<environment.Job instance at 0x7f69202ed780>,12,1,[5 6],13,44,45,31,26
1,<environment.Job instance at 0x7f69202ed190>,15,3,[6 3],16,45,48,29,39
1,<environment.Job instance at 0x7f69202ed1e0>,11,16,[7 5],12,48,64,36,44
1,<environment.Job instance at 0x7f69202ed910>,18,13,[9 1],19,64,77,45,51
1,<environment.Job instance at 0x7f6965c645a0>,27,2,[9 4],28,164,166,136,164
1,<environment.Job instance at 0x7f6965c64140>,28,19,[3 8],29,166,185,137,166
1,<environment.Job instance at 0x7f6965c64050>,32,14,[6 3],33,189,203,156,189
1,<environment.Job instance at 0x7f6920012910>,5,14,[3 9],6,7,21,1,7
1,<environment.Job instance at 0x7f6920012550>,6,12,[10  1],7,21,33,14,7
1,<environment.Job instance at 0x7f696a598dc0>,5,15,[3 6],6,46,61,40,46
1,<environment.Job instance at 0x7f696a598e10>,8,14,[6 1],9,74,88,65,74
1,<environment.Job instance at 0x7f696a584190>,12,3,[10  1],13,88,91,75,74
1,<environment.Job instance at 0x7f696a583690>,14,1,[5 1],15,91,92,76,78
1,<environment.Job instance at 0x7f696a583050>,13,15,[7 2],14,120,135,106,120
1,<environment.Job instance at 0x7f696a583730>,19,3,[6 1],20,135,138,115,120
1,<environment.Job instance at 0x7f696a5835a0>,20,14,[1 6],21,120,134,99,120
1,<environment.Job instance at 0x7f696a583c30>,22,23,[7 1],23,138,161,115,132
1,<environment.Job instance at 0x7f696accb410>,2,16,[9 2],3,51,67,48,51
1,<environment.Job instance at 0x7f6920185690>,19,15,[1 9],20,87,102,67,87
1,<environment.Job instance at 0x7f696a840550>,11,14,[ 4 10],12,102,116,90,88
1,<environment.Job instance at 0x7f6966164320>,22,15,[3 7],23,116,131,93,102
1,<environment.Job instance at 0x7f6965d08550>,27,15,[4 9],28,131,146,103,124
1,<environment.Job instance at 0x7f6965eabd20>,32,16,[5 1],33,167,183,134,167
1,<environment.Job instance at 0x7f6920604460>,34,13,[5 2],35,167,180,132,167
1,<environment.Job instance at 0x7f6920604050>,33,15,[9 3],34,183,198,149,169
1,<environment.Job instance at 0x7f6920415aa0>,35,14,[2 7],36,217,231,181,217
1,<environment.Job instance at 0x7f6966171280>,42,20,[10  3],43,231,251,188,222
1,<environment.Job instance at 0x7f6966171870>,5,2,[8 3],6,7,9,1,7
1,<environment.Job instance at 0x7f691fd60e10>,6,14,[3 5],7,21,35,14,21
1,<environment.Job instance at 0x7f691fd60820>,12,14,[2 9],13,35,49,22,22
1,<environment.Job instance at 0x7f691fd770a0>,16,15,[7 1],17,45,60,28,45
1,<environment.Job instance at 0x7f691fd77f50>,17,16,[8 4],18,60,76,42,47
1,<environment.Job instance at 0x7f691fd600f0>,15,15,[ 1 10],16,76,91,60,62
1,<environment.Job instance at 0x7f691fd60af0>,7,18,[ 4 10],8,91,109,83,82
1,<environment.Job instance at 0x7f691fd77aa0>,24,18,[ 2 10],25,109,127,84,99
1,<environment.Job instance at 0x7f69201de230>,3,19,[7 5],4,26,45,22,26
1,<environment.Job instance at 0x7f69204f2eb0>,11,15,[6 2],12,45,60,33,33
1,<environment.Job instance at 0x7f69201de910>,4,17,[ 4 10],5,85,102,80,85
1,<environment.Job instance at 0x7f69204e87d0>,19,12,[6 2],20,200,212,180,200
1,<environment.Job instance at 0x7f69204e8f00>,20,15,[7 1],21,212,227,191,200
1,<environment.Job instance at 0x7f69204815f0>,11,14,[7 5],12,95,109,83,95
1,<environment.Job instance at 0x7f696b19ac80>,13,15,[10  2],14,109,124,95,98
1,<environment.Job instance at 0x7f696a6f6460>,6,17,[3 9],7,124,141,117,112
1,<environment.Job instance at 0x7f6965bf82d0>,19,17,[7 5],20,155,172,135,155
1,<environment.Job instance at 0x7f692055c230>,20,14,[4 6],21,172,186,151,157
1,<environment.Job instance at 0x7f691ffea9b0>,10,18,[1 9],11,186,204,175,181
1,<environment.Job instance at 0x7f6965bb6230>,2,12,[9 3],3,4,16,1,4
1,<environment.Job instance at 0x7f696ab608c0>,9,14,[7 1],10,22,36,12,22
1,<environment.Job instance at 0x7f696a712050>,11,16,[5 5],12,36,52,24,24
1,<environment.Job instance at 0x7f6965bb6780>,1,17,[ 4 10],2,72,89,70,72
1,<environment.Job instance at 0x7f696a93d0f0>,5,19,[7 3],6,6,25,0,6
1,<environment.Job instance at 0x7f696a93d140>,8,17,[1 6],9,25,42,16,25
1,<environment.Job instance at 0x7f69204445a0>,13,19,[10  1],14,42,61,28,32
1,<environment.Job instance at 0x7f6920444a50>,15,18,[1 5],16,61,79,45,50
1,<environment.Job instance at 0x7f692004c8c0>,11,15,[9 5],12,61,76,49,50
1,<environment.Job instance at 0x7f69660cecd0>,17,17,[8 2],18,79,96,61,79
1,<environment.Job instance at 0x7f69204249b0>,22,13,[7 3],23,96,109,73,81
1,<environment.Job instance at 0x7f6965f1a410>,29,17,[8 1],30,130,147,100,130
1,<environment.Job instance at 0x7f69204242d0>,24,13,[5 8],25,147,160,122,136
1,<environment.Job instance at 0x7f6920444fa0>,16,17,[6 5],17,160,177,143,156
1,<environment.Job instance at 0x7f6965f20f00>,37,18,[1 8],38,177,195,139,175
1,<environment.Job instance at 0x7f6965f20b40>,41,20,[10  5],42,228,248,186,228
1,<environment.Job instance at 0x7f6965f30730>,45,16,[4 6],46,248,264,202,247
1,<environment.Job instance at 0x7f425d083140>,4,14,[1 6],5,69,83,64,69
1,<environment.Job instance at 0x7f425bf24aa0>,14,13,[7 3],15,94,107,79,94
1,<environment.Job instance at 0x7f425bf24b40>,15,18,[2 8],16,107,125,91,98
1,<environment.Job instance at 0x7f425bf24c80>,3,2,[6 2],4,20,22,16,20
1,<environment.Job instance at 0x7f425bf3f6e0>,0,14,[10  4],1,22,36,21,20
1,<environment.Job instance at 0x7f425d0aad70>,10,17,[ 3 10],11,36,53,25,24
1,<environment.Job instance at 0x7f421200ae10>,4,16,[3 8],5,23,39,18,23
1,<environment.Job instance at 0x7f421200ad70>,8,13,[6 3],9,39,52,30,23
1,<environment.Job instance at 0x7f421200acd0>,6,16,[9 2],7,91,107,84,91
1,<environment.Job instance at 0x7f421200a640>,9,13,[7 4],10,107,120,97,91
1,<environment.Job instance at 0x7f421200a2d0>,21,3,[10  5],22,121,124,99,121
1,<environment.Job instance at 0x7f4212037f50>,24,14,[7 5],25,165,179,140,165
1,<environment.Job instance at 0x7f4212037d20>,28,18,[4 6],29,214,232,185,214
1,<environment.Job instance at 0x7f4212037550>,34,14,[5 5],35,292,306,257,292
1,<environment.Job instance at 0x7f4212070550>,36,3,[9 1],37,311,314,274,311
1,<environment.Job instance at 0x7f42120700a0>,38,18,[4 5],39,314,332,275,311
1,<environment.Job instance at 0x7f4212070f00>,43,13,[4 7],44,364,377,320,364
1,<environment.Job instance at 0x7f4212423a00>,11,13,[1 6],12,95,108,83,95
1,<environment.Job instance at 0x7f4211f53d20>,12,15,[3 7],13,119,134,106,119
1,<environment.Job instance at 0x7f421236fe10>,9,3,[9 2],10,10,13,0,10
1,<environment.Job instance at 0x7f421236ff00>,10,16,[10  4],11,13,29,2,11
1,<environment.Job instance at 0x7f421236fe60>,8,13,[5 1],9,29,42,20,13
1,<environment.Job instance at 0x7f421235d3c0>,14,19,[8 2],15,42,61,27,33
1,<environment.Job instance at 0x7f425c0cf820>,8,12,[3 8],9,26,38,17,26
1,<environment.Job instance at 0x7f425c0d7960>,14,14,[1 5],15,80,94,65,80
1,<environment.Job instance at 0x7f425c0d7b90>,15,12,[1 6],16,94,106,78,80
1,<environment.Job instance at 0x7f425c3c75f0>,6,1,[10  1],7,8,9,1,8
1,<environment.Job instance at 0x7f425c28ff50>,8,12,[6 2],9,9,21,0,9
1,<environment.Job instance at 0x7f425cb12370>,2,15,[4 9],3,21,36,18,10
1,<environment.Job instance at 0x7f425c30a780>,12,16,[3 5],13,36,52,23,23
1,<environment.Job instance at 0x7f425cabc140>,13,13,[5 5],14,36,49,22,23
1,<environment.Job instance at 0x7f425bfeb9b0>,17,18,[1 7],18,52,70,34,41
1,<environment.Job instance at 0x7f425c626280>,19,13,[10  5],20,70,83,50,60
1,<environment.Job instance at 0x7f425c626870>,20,14,[3 5],21,83,97,62,68
1,<environment.Job instance at 0x7f425c1270a0>,27,17,[1 7],28,97,114,69,90
1,<environment.Job instance at 0x7f425cad2410>,33,14,[3 9],34,139,153,105,139
1,<environment.Job instance at 0x7f425beddf50>,2,13,[5 8],3,8,21,5,8
1,<environment.Job instance at 0x7f4212264320>,7,12,[6 3],8,21,33,13,8
1,<environment.Job instance at 0x7f4212264410>,8,15,[ 5 10],9,33,48,24,21
1,<environment.Job instance at 0x7f4212264870>,13,14,[5 2],14,53,67,39,53
1,<environment.Job instance at 0x7f42122648c0>,16,1,[4 6],17,79,80,62,79
1,<environment.Job instance at 0x7f425cad2410>,4,18,[ 4 10],5,80,98,75,79
1,<environment.Job instance at 0x7f4212264d70>,21,2,[5 6],22,98,100,76,84
1,<environment.Job instance at 0x7f42122647d0>,12,16,[ 4 10],13,100,116,87,94
1,<environment.Job instance at 0x7f425bedd0a0>,0,14,[9 5],1,116,130,115,104
1,<environment.Job instance at 0x7f42122520a0>,28,18,[1 5],29,116,134,87,105
1,<environment.Job instance at 0x7f42122526e0>,34,17,[10  5],35,134,151,99,126
1,<environment.Job instance at 0x7f42122525f0>,1,2,[5 9],2,3,5,1,3
1,<environment.Job instance at 0x7f42123fb050>,5,15,[6 1],6,26,41,20,26
1,<environment.Job instance at 0x7f425c2e3c80>,3,15,[4 7],4,27,42,23,27
1,<environment.Job instance at 0x7f425c00b320>,12,15,[7 5],13,42,57,29,31
1,<environment.Job instance at 0x7f425bee5e10>,15,14,[ 1 10],16,57,71,41,54
1,<environment.Job instance at 0x7f425bee5730>,18,16,[8 1],19,74,90,55,74
1,<environment.Job instance at 0x7f425bee58c0>,19,18,[3 7],20,90,108,70,87
1,<environment.Job instance at 0x7f4211ecb5a0>,25,12,[6 1],26,109,121,83,109
1,<environment.Job instance at 0x7f4211f929b0>,24,14,[7 2],25,121,135,96,110
1,<environment.Job instance at 0x7f4211ecb8c0>,27,2,[6 3],28,135,137,107,110
1,<environment.Job instance at 0x7f42124b3aa0>,30,14,[3 8],31,113,127,82,113
1,<environment.Job instance at 0x7f42124b3d20>,31,16,[6 5],32,137,153,105,124
1,<environment.Job instance at 0x7f425d1f2870>,33,12,[ 3 10],34,153,165,119,139
1,<environment.Job instance at 0x7f42124b37d0>,29,15,[10  1],30,165,180,135,151
1,<environment.Job instance at 0x7f425c3bf550>,38,16,[9 2],39,180,196,141,176
1,<environment.Job instance at 0x7f425becacd0>,6,3,[5 3],7,7,10,0,7
1,<environment.Job instance at 0x7f425beca320>,9,2,[6 2],10,10,12,0,10
1,<environment.Job instance at 0x7f425beca370>,7,17,[7 4],8,12,29,4,10
1,<environment.Job instance at 0x7f425c3bfa00>,4,3,[ 3 10],5,29,32,24,13
1,<environment.Job instance at 0x7f421251b820>,17,14,[3 8],18,32,46,14,25
1,<environment.Job instance at 0x7f421251bfa0>,16,15,[7 1],17,32,47,15,26
1,<environment.Job instance at 0x7f421251b9b0>,18,12,[5 9],19,47,59,28,31
1,<environment.Job instance at 0x7f425c8dae10>,21,17,[8 1],22,59,76,37,47
1,<environment.Job instance at 0x7f4212634be0>,24,12,[7 5],25,76,88,51,64
1,<environment.Job instance at 0x7f4211ee1640>,19,18,[5 9],20,88,106,68,77
1,<environment.Job instance at 0x7f425c3be0a0>,30,1,[8 3],31,106,107,75,94
1,<environment.Job instance at 0x7f425c7c0e10>,32,17,[8 5],33,107,124,74,98
1,<environment.Job instance at 0x7f425c3be370>,33,1,[7 1],34,124,125,90,98
1,<environment.Job instance at 0x7f421244e230>,41,17,[6 4],42,2652,2669,2610,2652
1,<environment.Job instance at 0x7f421244ed20>,44,13,[10  5],45,2669,2682,2624,2654
1,<environment.Job instance at 0x7f421244eeb0>,45,14,[2 6],46,2655,2669,2609,2655
1,<environment.Job instance at 0x7f42125336e0>,2,1,[4 7],3,3,4,0,3
1,<environment.Job instance at 0x7f4212399500>,6,19,[3 6],7,7,26,0,7
1,<environment.Job instance at 0x7f4212399460>,9,18,[7 5],10,26,44,16,15
1,<environment.Job instance at 0x7f4212399b90>,12,1,[5 6],13,44,45,31,22
1,<environment.Job instance at 0x7f4212399a50>,11,16,[7 5],12,45,61,33,36
1,<environment.Job instance at 0x7f4212381190>,15,3,[6 3],16,61,64,45,36
1,<environment.Job instance at 0x7f4212381730>,23,12,[3 5],24,89,101,65,89
1,<environment.Job instance at 0x7f4212381c30>,31,14,[5 9],32,186,200,154,186
1,<environment.Job instance at 0x7f4212381cd0>,3,13,[9 2],4,4,17,0,4
1,<environment.Job instance at 0x7f425c09d140>,6,2,[1 8],7,9,11,2,9
1,<environment.Job instance at 0x7f4211eb50f0>,7,17,[ 1 10],8,18,35,10,18
1,<environment.Job instance at 0x7f4211eb5870>,12,15,[1 7],13,35,50,22,21
1,<environment.Job instance at 0x7f425c09de60>,0,16,[ 1 10],1,50,66,49,47
1,<environment.Job instance at 0x7f4211fe03c0>,5,15,[6 5],6,6,21,0,6
1,<environment.Job instance at 0x7f4211fe0b90>,0,14,[1 6],1,21,35,20,6
1,<environment.Job instance at 0x7f4211fe00f0>,8,15,[ 2 10],9,46,61,37,46
1,<environment.Job instance at 0x7f4211c989b0>,7,1,[9 1],8,47,48,39,47
1,<environment.Job instance at 0x7f425bff6910>,3,15,[9 3],4,115,130,111,115
1,<environment.Job instance at 0x7f42122779b0>,6,13,[5 2],7,7,20,0,7
1,<environment.Job instance at 0x7f425bf70550>,4,17,[2 8],5,8,25,3,8
1,<environment.Job instance at 0x7f425bd33cd0>,7,17,[2 8],8,25,42,17,16
1,<environment.Job instance at 0x7f4211f73eb0>,18,2,[5 3],19,42,44,23,26
1,<environment.Job instance at 0x7f4211e00820>,19,13,[5 6],20,42,55,22,26
1,<environment.Job instance at 0x7f425c197aa0>,15,18,[3 9],16,55,73,39,44
1,<environment.Job instance at 0x7f425c13b1e0>,2,19,[4 6],3,73,92,70,65
1,<environment.Job instance at 0x7f425bf32eb0>,31,15,[8 2],32,98,113,66,98
1,<environment.Job instance at 0x7f425bf32230>,33,3,[8 3],34,124,127,90,124
1,<environment.Job instance at 0x7f425c981d20>,1,18,[1 7],2,124,142,122,124
1,<environment.Job instance at 0x7f425c6a9820>,34,18,[6 1],35,127,145,92,124
1,<environment.Job instance at 0x7f425c6a96e0>,37,12,[3 5],38,142,154,104,125
1,<environment.Job instance at 0x7f425c6a9a00>,41,17,[3 8],42,171,188,129,171
1,<environment.Job instance at 0x7f425c6a9c30>,36,13,[9 5],37,206,219,169,206
1,<environment.Job instance at 0x7f4211d0abe0>,3,13,[5 1],4,4,17,0,4
1,<environment.Job instance at 0x7f4211d0f190>,7,13,[9 3],8,17,30,9,8
1,<environment.Job instance at 0x7f4211d0f140>,10,2,[3 9],11,11,13,0,11
1,<environment.Job instance at 0x7f4211d0f1e0>,5,13,[9 5],6,30,43,24,15
1,<environment.Job instance at 0x7f4211d0ab90>,0,17,[2 8],1,43,60,42,31
1,<environment.Job instance at 0x7f4211e30c30>,15,15,[ 1 10],16,60,75,44,49
1,<environment.Job instance at 0x7f4211ecf230>,3,20,[5 2],4,5,25,1,5
1,<environment.Job instance at 0x7f4211e307d0>,2,1,[7 2],3,25,26,22,6
1,<environment.Job instance at 0x7f425c036910>,11,18,[6 1],12,26,44,14,16
1,<environment.Job instance at 0x7f4212039aa0>,2,2,[5 2],3,3,5,0,3
1,<environment.Job instance at 0x7f425c68deb0>,5,13,[6 5],6,6,19,0,6
1,<environment.Job instance at 0x7f4211d5a280>,1,13,[8 2],2,19,32,17,7
1,<environment.Job instance at 0x7f425c01a050>,4,15,[3 5],5,33,48,28,33
1,<environment.Job instance at 0x7f4211bfb0a0>,0,16,[ 3 10],1,48,64,47,41
1,<environment.Job instance at 0x7f425bf32c30>,16,15,[ 5 10],17,64,79,47,52
1,<environment.Job instance at 0x7f425ca38320>,19,14,[9 1],20,79,93,59,64
1,<environment.Job instance at 0x7f425c19d780>,21,16,[7 5],22,93,109,71,83
1,<environment.Job instance at 0x7f425c3e1e60>,0,16,[10  3],1,9,25,8,9
1,<environment.Job instance at 0x7f4211ce1550>,9,15,[5 7],10,25,40,15,11
1,<environment.Job instance at 0x7f4211d361e0>,13,14,[4 9],14,40,54,26,31
1,<environment.Job instance at 0x7f4211d369b0>,19,18,[8 2],20,102,120,82,102
1,<environment.Job instance at 0x7f4211d365a0>,18,14,[10  3],19,126,140,107,126
1,<environment.Job instance at 0x7f4211d36780>,22,15,[3 7],23,140,155,117,126
1,<environment.Job instance at 0x7f4211d36140>,26,18,[10  1],27,155,173,128,145
1,<environment.Job instance at 0x7f4211d36cd0>,29,15,[ 4 10],30,173,188,143,159
1,<environment.Job instance at 0x7f4211cbda50>,1,15,[10  2],2,6,21,4,6
1,<environment.Job instance at 0x7f425d0c4cd0>,8,17,[3 5],9,54,71,45,54
1,<environment.Job instance at 0x7fd5ea5fe140>,4,14,[1 6],5,48,62,43,48
1,<environment.Job instance at 0x7fd5e51eeaa0>,14,13,[7 3],15,88,101,73,88
1,<environment.Job instance at 0x7fd5e51eeb40>,15,18,[2 8],16,101,119,85,90
1,<environment.Job instance at 0x7fd5ea625c80>,5,15,[7 3],6,13,28,7,13
1,<environment.Job instance at 0x7fd5ea625500>,9,2,[1 8],10,28,30,18,14
1,<environment.Job instance at 0x7fd5ea625320>,10,15,[8 3],11,30,45,19,18
1,<environment.Job instance at 0x7fd5ea6254b0>,12,13,[ 5 10],13,47,60,34,47
1,<environment.Job instance at 0x7fd5ea625af0>,15,14,[ 2 10],16,99,113,83,99
1,<environment.Job instance at 0x7fd5ea76bd20>,18,12,[7 5],19,119,131,100,119
1,<environment.Job instance at 0x7fd5ea76bf00>,21,13,[5 6],22,147,160,125,147
1,<environment.Job instance at 0x7fd5e5205e10>,0,17,[ 3 10],1,166,183,165,166
1,<environment.Job instance at 0x7fd5ea7706e0>,27,12,[4 8],28,183,195,155,167
1,<environment.Job instance at 0x7fd5ea770f00>,30,14,[1 7],31,195,209,164,187
1,<environment.Job instance at 0x7fd5ea770730>,1,3,[10  5],2,121,124,119,121
1,<environment.Job instance at 0x7fd59f5d0aa0>,19,1,[5 4],20,143,144,123,143
1,<environment.Job instance at 0x7fd59f5d0c80>,23,13,[4 7],24,195,208,171,195
1,<environment.Job instance at 0x7fd59f5d0b40>,17,17,[5 2],18,213,230,195,213
1,<environment.Job instance at 0x7fd59f5cf640>,14,14,[5 5],15,242,256,227,242
1,<environment.Job instance at 0x7fd59f5d04b0>,30,13,[4 5],31,244,257,213,244
1,<environment.Job instance at 0x7fd59f5d06e0>,33,17,[ 2 10],34,257,274,223,249
1,<environment.Job instance at 0x7fd59f4f7aa0>,17,2,[6 3],18,99,101,81,99
1,<environment.Job instance at 0x7fd59f4f7c80>,20,18,[1 6],21,130,148,109,130
1,<environment.Job instance at 0x7fd59f4f77d0>,23,1,[7 4],24,146,147,122,146
1,<environment.Job instance at 0x7fd59f595d20>,0,17,[7 5],1,150,167,149,150
1,<environment.Job instance at 0x7fd59f4f7780>,27,14,[7 5],28,167,181,139,152
1,<environment.Job instance at 0x7fd59f4f7230>,28,3,[5 5],29,181,184,152,155
1,<environment.Job instance at 0x7fd59f4f72d0>,29,18,[9 5],30,184,202,154,174
1,<environment.Job instance at 0x7fd59f4f76e0>,33,12,[7 2],34,202,214,168,185
1,<environment.Job instance at 0x7fd59f4a4a50>,5,13,[6 4],6,11,24,5,11
1,<environment.Job instance at 0x7fd59f40dbe0>,8,19,[1 5],9,24,43,15,24
1,<environment.Job instance at 0x7fd59f4a4d70>,1,17,[1 8],2,43,60,41,36
1,<environment.Job instance at 0x7fd59f40dc80>,9,18,[2 9],10,91,109,81,91
1,<environment.Job instance at 0x7fd59f40f320>,18,16,[6 3],19,109,125,90,98
1,<environment.Job instance at 0x7fd59f40f640>,22,12,[7 2],23,125,137,102,117
1,<environment.Job instance at 0x7fd59f40f8c0>,25,12,[10  5],26,137,149,111,135
1,<environment.Job instance at 0x7fd59f891960>,1,16,[1 8],2,2,18,0,2
1,<environment.Job instance at 0x7fd59fadbbe0>,14,15,[9 1],15,51,66,36,51
1,<environment.Job instance at 0x7fd59fadb4b0>,19,14,[3 7],20,89,103,69,89
1,<environment.Job instance at 0x7fd5e50c2a50>,22,13,[1 5],23,106,119,83,106
1,<environment.Job instance at 0x7fd5e50c2500>,29,18,[ 2 10],30,164,182,134,164
1,<environment.Job instance at 0x7fd5e54d4f00>,5,17,[6 5],6,7,24,1,7
1,<environment.Job instance at 0x7fd59f7627d0>,9,1,[6 1],10,31,32,21,31
1,<environment.Job instance at 0x7fd5e54d4cd0>,10,15,[5 2],11,32,47,21,31
1,<environment.Job instance at 0x7fd5e54d4690>,12,14,[7 1],13,57,71,44,57
1,<environment.Job instance at 0x7fd5e549a4b0>,14,15,[9 4],15,71,86,56,60
1,<environment.Job instance at 0x7fd5e549a1e0>,18,15,[3 8],19,86,101,67,79
1,<environment.Job instance at 0x7fd59fa88a00>,3,18,[9 1],4,104,122,100,104
1,<environment.Job instance at 0x7fd5e549ad20>,23,3,[4 5],24,122,125,98,112
1,<environment.Job instance at 0x7fd5e5843af0>,27,20,[3 7],28,2178,2198,2150,2178
1,<environment.Job instance at 0x7fd5e5544370>,29,18,[7 1],30,2180,2198,2150,2180
1,<environment.Job instance at 0x7fd5e55f1050>,3,13,[1 7],4,8,21,4,8
1,<environment.Job instance at 0x7fd59f4f9780>,5,2,[5 5],6,21,23,15,13
1,<environment.Job instance at 0x7fd59f4f9c80>,11,1,[9 1],12,25,26,13,25
1,<environment.Job instance at 0x7fd59f4f9b90>,9,13,[7 5],10,26,39,16,25
1,<environment.Job instance at 0x7fd59f4f9f00>,13,3,[8 2],14,39,42,25,25
1,<environment.Job instance at 0x7fd5e5ea1280>,1,13,[1 9],2,42,55,40,27
1,<environment.Job instance at 0x7fd59f4f9f50>,17,14,[8 1],18,42,56,24,27
1,<environment.Job instance at 0x7fd59f4f9e60>,14,15,[7 1],15,56,71,41,42
1,<environment.Job instance at 0x7fd59f50a910>,25,12,[9 4],26,1014,1026,988,1014
1,<environment.Job instance at 0x7fd5ea625410>,9,12,[6 3],10,23,35,13,23
1,<environment.Job instance at 0x7fd5e513cd70>,7,18,[1 5],8,23,41,15,23
1,<environment.Job instance at 0x7fd5ea625eb0>,11,15,[4 8],12,41,56,29,27
1,<environment.Job instance at 0x7fd59f969280>,15,18,[6 2],16,40,58,24,40
1,<environment.Job instance at 0x7fd59f5a7960>,6,15,[1 8],7,39,54,32,39
1,<environment.Job instance at 0x7fd5e53fe7d0>,12,14,[1 7],13,54,68,41,46
1,<environment.Job instance at 0x7fd5e56b5f00>,5,14,[3 9],6,6,20,0,6
1,<environment.Job instance at 0x7fd5e56b5f50>,6,12,[10  1],7,20,32,13,8
1,<environment.Job instance at 0x7fd5e560ceb0>,5,15,[6 5],6,6,21,0,6
1,<environment.Job instance at 0x7fd5e58a2960>,8,15,[ 2 10],9,22,37,13,22
1,<environment.Job instance at 0x7fd5e50d6190>,12,3,[4 8],13,115,118,102,115
1,<environment.Job instance at 0x7fd5e5e8bbe0>,6,19,[2 7],7,8,27,1,8
1,<environment.Job instance at 0x7fd5e5e8bdc0>,9,17,[6 1],10,10,27,0,10
1,<environment.Job instance at 0x7fd5e5e778c0>,11,15,[8 2],12,27,42,15,14
1,<environment.Job instance at 0x7fd5e5e9fa50>,13,3,[8 3],14,43,46,29,43
1,<environment.Job instance at 0x7fd5e5e9f5a0>,15,18,[8 3],16,49,67,33,49
1,<environment.Job instance at 0x7fd5e5e9f870>,19,14,[6 1],20,67,81,47,52
1,<environment.Job instance at 0x7fd59fa2c370>,22,14,[5 6],23,81,95,58,69
1,<environment.Job instance at 0x7fd59f9fb460>,25,13,[ 1 10],26,95,108,69,89
1,<environment.Job instance at 0x7fd59f9fb550>,26,14,[9 3],27,108,122,81,95
1,<environment.Job instance at 0x7fd5e51e1280>,7,15,[1 7],8,18,33,10,18
1,<environment.Job instance at 0x7fd5e51e1320>,8,18,[5 6],9,45,63,36,45
1,<environment.Job instance at 0x7fd59fba1410>,6,12,[10  3],7,63,75,56,54
1,<environment.Job instance at 0x7fd5e51e1af0>,14,16,[4 7],15,99,115,84,99
1,<environment.Job instance at 0x7fd5e5e832d0>,3,15,[10  1],4,194,209,190,194
1,<environment.Job instance at 0x7fd5e4fa2e10>,26,17,[3 9],27,209,226,182,200
1,<environment.Job instance at 0x7fd5e56d5550>,30,18,[1 9],31,255,273,224,255
1,<environment.Job instance at 0x7fd5e56d5a50>,31,14,[7 5],32,273,287,241,258
1,<environment.Job instance at 0x7fd59f286550>,34,14,[8 5],35,287,301,252,272
1,<environment.Job instance at 0x7fd5e517b4b0>,37,13,[5 9],38,301,314,263,300
1,<environment.Job instance at 0x7fd5e517bf50>,39,17,[7 5],40,375,392,335,375
1,<environment.Job instance at 0x7fd5e517b320>,40,14,[4 6],41,392,406,351,377
1,<environment.Job instance at 0x7fd5e517bf00>,42,13,[5 9],43,406,419,363,402
1,<environment.Job instance at 0x7fd59f7c0140>,2,12,[9 3],3,4,16,1,4
1,<environment.Job instance at 0x7fd59f8229b0>,6,19,[8 2],7,16,35,9,9
1,<environment.Job instance at 0x7fd59f270d20>,11,16,[5 5],12,35,51,23,26
1,<environment.Job instance at 0x7fd59f974960>,9,17,[8 1],10,75,92,65,75
1,<environment.Job instance at 0x7fd59f974370>,13,17,[7 2],14,93,110,79,93
1,<environment.Job instance at 0x7fd59f974d20>,7,18,[3 8],8,94,112,86,94
1,<environment.Job instance at 0x7fd59f980320>,17,18,[1 8],18,128,146,110,128
1,<environment.Job instance at 0x7fd59f99a500>,22,18,[1 6],23,184,202,161,184
1,<environment.Job instance at 0x7fd59f99aa00>,25,16,[4 6],26,204,220,178,204
1,<environment.Job instance at 0x7fd59f495a50>,4,2,[2 5],5,5,7,0,5
1,<environment.Job instance at 0x7fd59f5355f0>,7,15,[5 1],8,8,23,0,8
1,<environment.Job instance at 0x7fd59f5355a0>,8,12,[1 5],9,9,21,0,9
1,<environment.Job instance at 0x7fd5ea770d20>,10,13,[1 5],11,21,34,10,12
1,<environment.Job instance at 0x7fd5e5378af0>,11,3,[7 5],12,23,26,11,13
1,<environment.Job instance at 0x7fd5e54b66e0>,14,16,[8 4],15,26,42,11,24
1,<environment.Job instance at 0x7fd5e54b6550>,15,12,[6 4],16,42,54,26,28
1,<environment.Job instance at 0x7fd5e4f5ae10>,19,3,[1 6],20,43,46,23,43
1,<environment.Job instance at 0x7fd59fbaeaa0>,22,14,[7 5],23,54,68,31,49
1,<environment.Job instance at 0x7fd5e4f5a3c0>,23,1,[6 5],24,68,69,44,49
1,<environment.Job instance at 0x7fd5e52afcd0>,16,14,[ 2 10],17,69,83,52,54
1,<environment.Job instance at 0x7fd59f794870>,5,19,[6 4],6,7,26,1,7
1,<environment.Job instance at 0x7fd59f794370>,7,2,[2 7],8,26,28,18,8
1,<environment.Job instance at 0x7fd59f794eb0>,6,12,[3 9],7,28,40,21,11
1,<environment.Job instance at 0x7fd59f794730>,10,18,[5 5],11,40,58,29,29
1,<environment.Job instance at 0x7fd59f794d70>,14,14,[6 5],15,58,72,43,43
1,<environment.Job instance at 0x7fd5e5cf1410>,15,17,[2 9],16,72,89,56,60
1,<environment.Job instance at 0x7fd59f564f00>,7,13,[8 4],8,8,21,0,8
1,<environment.Job instance at 0x7fd59f5dbdc0>,11,15,[6 4],12,23,38,11,23
1,<environment.Job instance at 0x7fd5e5005a50>,4,18,[3 7],5,38,56,33,27
1,<environment.Job instance at 0x7f1c56ad2aa0>,14,13,[7 3],15,73,86,58,73
1,<environment.Job instance at 0x7f1c56ad2b40>,15,18,[2 8],16,86,104,70,75
1,<environment.Job instance at 0x7f1c5bf09e60>,8,12,[7 5],9,9,21,0,9
1,<environment.Job instance at 0x7f1c5c04f140>,11,13,[5 6],12,26,39,14,26
1,<environment.Job instance at 0x7f1c5c04f640>,17,12,[4 8],18,88,100,70,88
1,<environment.Job instance at 0x7f1c5c054b90>,20,14,[1 7],21,108,122,87,108
1,<environment.Job instance at 0x7f1c5c054f50>,21,14,[4 7],22,122,136,100,109
1,<environment.Job instance at 0x7f1c5c04f960>,15,13,[ 4 10],16,136,149,120,130
1,<environment.Job instance at 0x7f1c5c051230>,1,1,[ 2 10],2,24,25,22,24
1,<environment.Job instance at 0x7f1c10dd6640>,3,13,[4 7],4,68,81,64,68
1,<environment.Job instance at 0x7f1c10dd2320>,16,13,[4 9],17,81,94,64,80
1,<environment.Job instance at 0x7f1c10dd2c80>,18,16,[10  3],19,94,110,75,89
1,<environment.Job instance at 0x7f1c10dd2b90>,19,16,[6 5],20,110,126,90,97
1,<environment.Job instance at 0x7f1c10f08a00>,3,12,[7 2],4,4,16,0,4
1,<environment.Job instance at 0x7f1c111935f0>,8,15,[1 7],9,9,24,0,9
1,<environment.Job instance at 0x7f1c11193d70>,9,13,[ 1 10],10,24,37,14,10
1,<environment.Job instance at 0x7f1c11193730>,13,15,[10  4],14,37,52,23,26
1,<environment.Job instance at 0x7f1c11193c80>,16,19,[2 5],17,52,71,35,42
1,<environment.Job instance at 0x7f1c10dd2410>,1,16,[7 4],2,52,68,50,50
1,<environment.Job instance at 0x7f1c1100de60>,23,17,[5 1],24,76,93,52,76
1,<environment.Job instance at 0x7f1c1100d190>,27,13,[9 4],28,93,106,65,80
1,<environment.Job instance at 0x7f1c10e76320>,29,20,[5 1],30,106,126,76,98
1,<environment.Job instance at 0x7f1c10e76410>,32,16,[5 5],33,108,124,75,108
1,<environment.Job instance at 0x7f1c10e76190>,33,3,[7 4],34,126,129,92,110
1,<environment.Job instance at 0x7f1c10e76690>,34,12,[3 8],35,129,141,94,117
1,<environment.Job instance at 0x7f1c10e67d70>,45,13,[10  4],46,224,237,178,224
1,<environment.Job instance at 0x7f1c10e67e10>,47,14,[5 7],48,237,251,189,224
1,<environment.Job instance at 0x7f1c10e670f0>,52,3,[2 7],53,251,254,198,249
1,<environment.Job instance at 0x7f1c1111d910>,53,21,[6 4],54,254,275,200,249
1,<environment.Job instance at 0x7f1c1111deb0>,55,1,[ 1 10],56,275,276,219,258
1,<environment.Job instance at 0x7f1c1111deb0>,3,13,[10  4],4,30,43,26,30
1,<environment.Job instance at 0x7f1c10cf53c0>,9,18,[3 6],10,43,61,33,32
1,<environment.Job instance at 0x7f1c10cf5640>,13,15,[4 6],14,61,76,47,48
1,<environment.Job instance at 0x7f1c10cf58c0>,16,18,[5 5],17,76,94,59,65
1,<environment.Job instance at 0x7f1c10cf5be0>,21,13,[ 4 10],22,96,109,74,96
1,<environment.Job instance at 0x7f1c10cf5dc0>,24,19,[6 3],25,109,128,84,101
1,<environment.Job instance at 0x7f1c10cf5fa0>,27,17,[2 5],28,123,140,95,123
1,<environment.Job instance at 0x7f1c10cf7320>,31,12,[10  5],32,140,152,108,126
1,<environment.Job instance at 0x7f1c57666af0>,3,12,[4 6],4,6,18,2,6
1,<environment.Job instance at 0x7f1c1100d410>,21,16,[1 9],22,132,148,110,132
1,<environment.Job instance at 0x7f1c576c5fa0>,23,13,[5 5],24,148,161,124,133
1,<environment.Job instance at 0x7f1c576c5eb0>,25,16,[7 5],26,161,177,135,148
1,<environment.Job instance at 0x7f1c576c5a00>,28,13,[3 8],29,177,190,148,162
1,<environment.Job instance at 0x7f1c576c5460>,30,14,[3 5],31,190,204,159,175
1,<environment.Job instance at 0x7f1c576c5140>,33,12,[6 1],34,179,191,145,179
1,<environment.Job instance at 0x7f1c576c5280>,37,17,[1 7],38,204,221,166,196
1,<environment.Job instance at 0x7f1c56b4caf0>,3,14,[5 2],4,4,18,0,4
1,<environment.Job instance at 0x7f1c56b4c5a0>,6,1,[4 6],7,11,12,4,11
1,<environment.Job instance at 0x7f1c56b4c550>,7,18,[9 4],8,18,36,10,11
1,<environment.Job instance at 0x7f1c10f98dc0>,11,2,[5 6],12,36,38,24,25
1,<environment.Job instance at 0x7f1c576c5280>,2,16,[ 4 10],3,38,54,35,30
1,<environment.Job instance at 0x7f1c5720cf00>,18,18,[1 5],19,54,72,35,43
1,<environment.Job instance at 0x7f1c56da59b0>,21,3,[2 7],22,72,75,50,53
1,<environment.Job instance at 0x7f1c56da55a0>,24,17,[10  5],25,75,92,50,63
1,<environment.Job instance at 0x7f1c110a6730>,2,14,[5 4],3,4,18,1,4
1,<environment.Job instance at 0x7f1c10c1e190>,8,16,[9 2],9,18,34,9,10
1,<environment.Job instance at 0x7f1c10c27fa0>,6,12,[10  1],7,34,46,27,18
1,<environment.Job instance at 0x7f1c10c1e410>,13,12,[5 9],14,46,58,32,34
1,<environment.Job instance at 0x7f1c10c1e230>,14,12,[6 4],15,58,70,43,43
1,<environment.Job instance at 0x7f1c10c1e2d0>,9,17,[5 5],10,70,87,60,60
1,<environment.Job instance at 0x7f1c10be2e60>,5,2,[3 9],6,7,9,1,7
1,<environment.Job instance at 0x7f1c10c1e2d0>,6,15,[ 4 10],7,9,24,2,7
1,<environment.Job instance at 0x7f1c5758ca50>,11,12,[10  1],12,45,57,33,45
1,<environment.Job instance at 0x7f1c1132e460>,17,13,[7 2],18,57,70,39,48
1,<environment.Job instance at 0x7f1c5722d500>,16,18,[ 4 10],17,128,146,111,128
1,<environment.Job instance at 0x7f1c10dfd0f0>,25,12,[9 1],26,146,158,120,129
1,<environment.Job instance at 0x7f1c10dfd820>,28,19,[6 2],29,158,177,129,149
1,<environment.Job instance at 0x7f1c57507eb0>,4,3,[3 7],5,5,8,0,5
1,<environment.Job instance at 0x7f1c56a731e0>,5,17,[7 5],6,8,25,2,6
1,<environment.Job instance at 0x7f1c56a73280>,6,13,[4 8],7,25,38,18,9
1,<environment.Job instance at 0x7f1c56a73050>,7,17,[10  1],8,38,55,30,26
1,<environment.Job instance at 0x7f1c575c0b40>,13,15,[7 2],14,77,92,63,77
1,<environment.Job instance at 0x7f1c575c0fa0>,20,14,[1 6],21,144,158,123,144
1,<environment.Job instance at 0x7f1c575c0a00>,11,18,[10  4],12,158,176,146,148
1,<environment.Job instance at 0x7f1c57558280>,7,1,[9 1],8,47,48,39,47
1,<environment.Job instance at 0x7f1c10f464b0>,6,19,[2 7],7,8,27,1,8
1,<environment.Job instance at 0x7f1c10f46140>,9,17,[6 1],10,11,28,1,11
1,<environment.Job instance at 0x7f1c10f46050>,11,15,[8 2],12,28,43,16,14
1,<environment.Job instance at 0x7f1c56a92280>,13,3,[8 3],14,43,46,29,38
1,<environment.Job instance at 0x7f1c56a92af0>,15,18,[8 3],16,46,64,30,38
1,<environment.Job instance at 0x7f1c56a922d0>,19,14,[6 1],20,64,78,44,50
1,<environment.Job instance at 0x7f1c56a925a0>,22,14,[5 6],23,78,92,55,66
1,<environment.Job instance at 0x7f1c56a92a50>,25,13,[ 1 10],26,92,105,66,86
1,<environment.Job instance at 0x7f1c57028be0>,6,13,[1 6],7,7,20,0,7
1,<environment.Job instance at 0x7f1c57028190>,5,16,[9 5],6,20,36,14,8
1,<environment.Job instance at 0x7f1c57028a50>,12,19,[8 4],13,77,96,64,77
1,<environment.Job instance at 0x7f1c570315f0>,17,14,[7 3],18,129,143,111,129
1,<environment.Job instance at 0x7f1c10af90f0>,21,14,[7 5],22,184,198,162,184
1,<environment.Job instance at 0x7f1c57031730>,22,16,[2 6],23,198,214,175,186
1,<environment.Job instance at 0x7f1c10af9230>,20,18,[1 9],21,214,232,193,204
1,<environment.Job instance at 0x7f1c57035be0>,29,17,[7 5],30,232,249,202,221
1,<environment.Job instance at 0x7f1c112d8e60>,32,13,[5 9],33,249,262,216,235
1,<environment.Job instance at 0x7f1c57708370>,2,1,[6 3],3,3,4,0,3
1,<environment.Job instance at 0x7f1c56845730>,8,17,[10  1],9,12,29,3,12
1,<environment.Job instance at 0x7f1c56845fa0>,9,13,[6 1],10,29,42,19,18
1,<environment.Job instance at 0x7f1c10e79cd0>,13,15,[5 8],14,42,57,28,30
1,<environment.Job instance at 0x7f1c572cb320>,15,14,[4 7],16,57,71,41,42
1,<environment.Job instance at 0x7f1c5723e730>,21,1,[9 5],22,71,72,49,68
1,<environment.Job instance at 0x7f1c10e79fa0>,10,12,[ 4 10],11,72,84,61,69
1,<environment.Job instance at 0x7f1c57708230>,5,18,[5 3],6,84,102,78,73
1,<environment.Job instance at 0x7f1c10bbf320>,5,19,[9 2],6,7,26,1,7
1,<environment.Job instance at 0x7f1c10b3bc30>,12,16,[7 1],13,26,42,13,26
1,<environment.Job instance at 0x7f1c10b3b1e0>,13,13,[6 5],14,42,55,28,26
1,<environment.Job instance at 0x7f1c11435dc0>,6,16,[2 9],7,14,30,7,14
1,<environment.Job instance at 0x7f1c11435aa0>,11,15,[10  2],12,75,90,63,75
1,<environment.Job instance at 0x7f1c10a5baa0>,3,15,[ 3 10],4,90,105,86,81
1,<environment.Job instance at 0x7f1c1143ae60>,16,15,[3 8],17,105,120,88,97
1,<environment.Job instance at 0x7f1c1143abe0>,20,13,[2 8],21,120,133,99,104
1,<environment.Job instance at 0x7f1c1127d230>,2,15,[8 2],3,4,19,1,4
1,<environment.Job instance at 0x7f1c56eeff00>,5,3,[9 3],6,19,22,13,6
1,<environment.Job instance at 0x7f1c1143a140>,3,13,[10  2],4,28,41,24,28
1,<environment.Job instance at 0x7f1c5692b2d0>,8,12,[7 2],9,41,53,32,28
1,<environment.Job instance at 0x7f1c56849e10>,9,13,[1 5],10,41,54,31,28
1,<environment.Job instance at 0x7f1c56d099b0>,14,18,[6 1],15,53,71,38,48
1,<environment.Job instance at 0x7f1c56d09d70>,15,3,[7 4],16,71,74,55,48
1,<environment.Job instance at 0x7f1c56992aa0>,18,18,[2 5],19,55,73,36,55
1,<environment.Job instance at 0x7f1c111a0eb0>,20,3,[9 5],21,74,77,53,62
1,<environment.Job instance at 0x7f1c10b28730>,21,15,[10  1],22,93,108,71,93
1,<environment.Job instance at 0x7f1c10b0c410>,23,15,[2 5],24,108,123,84,99
1,<environment.Job instance at 0x7f1c10b347d0>,0,18,[6 4],1,7,25,6,7
1,<environment.Job instance at 0x7f1c571a8640>,8,1,[3 8],9,25,26,16,9
1,<environment.Job instance at 0x7f1c571a88c0>,9,2,[4 7],10,26,28,16,11
1,<environment.Job instance at 0x7f1c571a8d70>,10,14,[4 9],11,28,42,17,13
1,<environment.Job instance at 0x7f1c10b34d70>,2,15,[ 3 10],3,42,57,39,29
1,<environment.Job instance at 0x7f1c56aab550>,18,12,[9 2],19,59,71,40,59
1,<environment.Job instance at 0x7f1c571a8f00>,11,17,[10  4],12,84,101,72,84
1,<environment.Job instance at 0x7f1c10efbeb0>,28,3,[5 1],29,250,253,221,250
1,<environment.Job instance at 0x7f1c10efb550>,31,18,[1 7],32,285,303,253,285
1,<environment.Job instance at 0x7f1c10efba00>,33,12,[5 4],34,2533,2545,2499,2533
1,<environment.Job instance at 0x7f1c10efbd70>,34,17,[1 6],35,2533,2550,2498,2533
1,<environment.Job instance at 0x7f1c5759acd0>,36,17,[9 4],37,2545,2562,2508,2535
1,<environment.Job instance at 0x7f1c5759a320>,41,13,[9 1],42,2562,2575,2520,2546
1,<environment.Job instance at 0x7f1c57409aa0>,8,13,[7 3],9,46,59,37,46
1,<environment.Job instance at 0x7f1c11122050>,10,1,[6 2],11,59,60,48,46
1,<environment.Job instance at 0x7f1c57749230>,6,2,[3 9],7,60,62,53,46
1,<environment.Job instance at 0x7f1c10c7acd0>,14,12,[6 3],15,70,82,55,70
1,<environment.Job instance at 0x7f1c57409be0>,5,2,[2 5],6,70,72,64,70
1,<environment.Job instance at 0x7f1c10aeb730>,16,16,[ 1 10],17,82,98,65,71
1,<environment.Job instance at 0x7f1c10aeb0a0>,15,18,[8 2],16,98,116,82,87
1,<environment.Job instance at 0x7f1c10aeb500>,21,17,[2 5],22,98,115,76,87
1,<environment.Job instance at 0x7f1c10aeb690>,23,18,[4 6],24,116,134,92,105
1,<environment.Job instance at 0x7f1c10aeb320>,26,14,[1 8],27,134,148,107,119
1,<environment.Job instance at 0x7f1c5777c230>,29,1,[5 2],30,124,125,94,124
1,<environment.Job instance at 0x7f1c10aeb140>,17,15,[4 8],18,148,163,130,135
1,<environment.Job instance at 0x7f1c10ce0320>,31,14,[6 2],32,135,149,103,135
1,<environment.Job instance at 0x7f1c10ce00a0>,38,2,[5 7],39,163,165,124,151
1,<environment.Job instance at 0x7f1c11122c30>,11,17,[2 8],12,171,188,159,171
1,<environment.Job instance at 0x7f1c110ce9b0>,42,17,[7 4],43,188,205,145,176
1,<environment.Job instance at 0x7f1c110ce190>,45,16,[10  1],46,207,223,161,207
1,<environment.Job instance at 0x7f1c10cf55f0>,49,13,[ 4 10],50,254,267,204,254
1,<environment.Job instance at 0x7f5486390140>,4,14,[1 6],5,69,83,64,69
1,<environment.Job instance at 0x7f5480f80a00>,13,18,[ 4 10],14,92,110,78,92
1,<environment.Job instance at 0x7f5480f80be0>,16,16,[3 5],17,110,126,93,97
1,<environment.Job instance at 0x7f54863ba4b0>,7,12,[4 8],8,9,21,1,9
1,<environment.Job instance at 0x7f54863b7500>,11,14,[4 7],12,21,35,9,19
1,<environment.Job instance at 0x7f54863b7dc0>,16,17,[7 1],17,62,79,45,62
1,<environment.Job instance at 0x7f543b274460>,2,15,[6 1],3,3,18,0,3
1,<environment.Job instance at 0x7f54863b7460>,3,12,[6 4],4,18,30,14,4
1,<environment.Job instance at 0x7f543b2745a0>,9,26,[3 5],10,32,58,22,32
1,<environment.Job instance at 0x7f543b2acd70>,10,17,[6 2],11,35,52,24,35
1,<environment.Job instance at 0x7f543b381780>,3,3,[7 4],4,4,7,0,4
1,<environment.Job instance at 0x7f543b381a00>,5,3,[10  2],6,7,10,1,6
1,<environment.Job instance at 0x7f543b32b4b0>,12,3,[8 4],13,44,47,31,44
1,<environment.Job instance at 0x7f543b1dfa00>,15,13,[10  4],16,70,83,54,70
1,<environment.Job instance at 0x7f543b1df550>,16,16,[6 3],17,83,99,66,71
1,<environment.Job instance at 0x7f543b1dfbe0>,22,3,[2 7],23,95,98,72,95
1,<environment.Job instance at 0x7f543b1df820>,23,21,[6 4],24,104,125,80,104
1,<environment.Job instance at 0x7f543b1dfaf0>,25,1,[ 1 10],26,125,126,99,124
1,<environment.Job instance at 0x7f543b1df6e0>,28,13,[5 1],29,128,141,99,128
1,<environment.Job instance at 0x7f543b1dfb40>,29,3,[9 2],30,141,144,111,128
1,<environment.Job instance at 0x7f543b1df7d0>,30,16,[10  4],31,144,160,113,137
1,<environment.Job instance at 0x7f543b1df3c0>,24,12,[10  3],25,160,172,135,146
1,<environment.Job instance at 0x7f54865022d0>,36,17,[7 4],37,178,195,141,178
1,<environment.Job instance at 0x7f543b1a3690>,4,14,[1 5],5,5,19,0,5
1,<environment.Job instance at 0x7f543b632cd0>,6,18,[1 7],7,19,37,12,8
1,<environment.Job instance at 0x7f543b6328c0>,0,17,[1 9],1,37,54,36,27
1,<environment.Job instance at 0x7f548108eaa0>,10,15,[5 5],11,62,77,51,62
1,<environment.Job instance at 0x7f548108eeb0>,14,13,[7 5],15,89,102,74,89
1,<environment.Job instance at 0x7f543b53bf00>,5,2,[5 5],6,6,8,0,6
1,<environment.Job instance at 0x7f543b79f190>,14,15,[7 1],15,47,62,32,47
1,<environment.Job instance at 0x7f5481583f00>,15,2,[5 4],16,62,64,46,47
1,<environment.Job instance at 0x7f543b7c85f0>,16,17,[5 4],17,62,79,45,50
1,<environment.Job instance at 0x7f543b53b280>,8,17,[ 1 10],9,79,96,70,67
1,<environment.Job instance at 0x7f543b79f820>,18,16,[ 4 10],19,108,124,89,108
1,<environment.Job instance at 0x7f543b8bd6e0>,7,15,[8 5],8,19,34,11,19
1,<environment.Job instance at 0x7f543b8bda00>,10,13,[3 6],11,34,47,23,19
1,<environment.Job instance at 0x7f5480e3b5f0>,4,17,[8 3],5,47,64,42,35
1,<environment.Job instance at 0x7f543b8bdc80>,14,3,[ 3 10],15,64,67,49,38
1,<environment.Job instance at 0x7f543b8bdeb0>,19,2,[6 2],20,39,41,19,39
1,<environment.Job instance at 0x7f54811040f0>,7,2,[9 4],8,71,73,63,71
1,<environment.Job instance at 0x7f543b3b9c80>,12,14,[6 3],13,95,109,82,95
1,<environment.Job instance at 0x7f543b3b9af0>,11,14,[5 9],12,109,123,97,95
1,<environment.Job instance at 0x7f5481073690>,3,1,[10  4],4,4,5,0,4
1,<environment.Job instance at 0x7f543b3cb2d0>,4,12,[5 1],5,7,19,2,7
1,<environment.Job instance at 0x7f543b460aa0>,8,2,[5 4],9,9,11,0,9
1,<environment.Job instance at 0x7f543b460690>,6,12,[4 8],7,12,24,5,12
1,<environment.Job instance at 0x7f5480d7ab40>,12,12,[1 6],13,24,36,11,13
1,<environment.Job instance at 0x7f5480d7a050>,14,16,[3 6],15,36,52,21,24
1,<environment.Job instance at 0x7f543b5f47d0>,16,19,[6 2],17,34,53,17,34
1,<environment.Job instance at 0x7f543b6f1d70>,20,1,[2 7],21,54,55,33,54
1,<environment.Job instance at 0x7f543b83a6e0>,21,3,[ 5 10],22,55,58,33,54
1,<environment.Job instance at 0x7f5481a226e0>,24,12,[6 1],25,58,70,33,57
1,<environment.Job instance at 0x7f543b4ca280>,25,13,[1 9],26,58,71,32,57
1,<environment.Job instance at 0x7f543b4ca7d0>,26,15,[6 2],27,71,86,44,57
1,<environment.Job instance at 0x7f543b623af0>,11,18,[10  5],12,86,104,74,81
1,<environment.Job instance at 0x7f54819250f0>,6,12,[10  5],7,23,35,16,23
1,<environment.Job instance at 0x7f54814eaaa0>,9,3,[1 5],10,51,54,41,51
1,<environment.Job instance at 0x7f543b254140>,3,17,[3 9],4,74,91,70,74
1,<environment.Job instance at 0x7f548190b140>,13,2,[9 2],14,91,93,77,75
1,<environment.Job instance at 0x7f54814f2aa0>,14,3,[6 2],15,93,96,78,75
1,<environment.Job instance at 0x7f54814e0370>,19,15,[1 9],20,99,114,79,99
1,<environment.Job instance at 0x7f543b254be0>,2,16,[9 2],3,114,130,111,101
1,<environment.Job instance at 0x7f543b199d70>,22,15,[3 7],23,130,145,107,117
1,<environment.Job instance at 0x7f543b1b9d70>,28,15,[1 6],29,145,160,116,131
1,<environment.Job instance at 0x7f543b1b9230>,32,16,[5 1],33,173,189,140,173
1,<environment.Job instance at 0x7f543b1b9190>,34,13,[5 2],35,173,186,138,173
1,<environment.Job instance at 0x7f543b1b9370>,35,14,[2 7],36,186,200,150,173
1,<environment.Job instance at 0x7f543b1b9eb0>,37,1,[9 1],38,200,201,162,197
1,<environment.Job instance at 0x7f543b1b72d0>,41,12,[5 8],42,221,233,179,221
1,<environment.Job instance at 0x7f5480fbaeb0>,8,15,[9 5],9,9,24,0,9
1,<environment.Job instance at 0x7f5480fba730>,9,14,[1 7],10,24,38,14,10
1,<environment.Job instance at 0x7f5480fba9b0>,13,3,[6 4],14,38,41,24,24
1,<environment.Job instance at 0x7f543b7fc3c0>,14,13,[9 1],15,25,38,10,25
1,<environment.Job instance at 0x7f543b7fccd0>,20,19,[3 5],21,54,73,33,54
1,<environment.Job instance at 0x7f543b7fcb90>,16,12,[1 7],17,73,85,56,63
1,<environment.Job instance at 0x7f543b7fcbe0>,21,18,[8 2],22,73,91,51,63
1,<environment.Job instance at 0x7f543b7fc1e0>,22,15,[8 4],23,115,130,92,115
1,<environment.Job instance at 0x7f543b5cfa00>,34,18,[6 1],35,132,150,97,132
1,<environment.Job instance at 0x7f543b7fc320>,15,18,[3 9],16,133,151,117,133
1,<environment.Job instance at 0x7f543b5cf190>,37,12,[3 5],38,151,163,113,136
1,<environment.Job instance at 0x7f543b5cf0a0>,39,14,[6 1],40,152,166,112,152
1,<environment.Job instance at 0x7f543b5cf550>,42,14,[5 6],43,180,194,137,180
1,<environment.Job instance at 0x7f543b5cf7d0>,43,14,[9 3],44,194,208,150,182
1,<environment.Job instance at 0x7f543b5cf500>,45,13,[ 1 10],46,208,221,162,192
1,<environment.Job instance at 0x7f543b24b5a0>,11,12,[8 3],12,45,57,33,45
1,<environment.Job instance at 0x7f543b05b230>,6,12,[10  3],7,71,83,64,71
1,<environment.Job instance at 0x7f543b24bcd0>,14,16,[4 7],15,83,99,68,71
1,<environment.Job instance at 0x7f54816cc050>,22,19,[8 4],23,183,202,160,183
1,<environment.Job instance at 0x7f5481050780>,27,14,[7 3],28,202,216,174,200
1,<environment.Job instance at 0x7f543b5f0c80>,31,14,[7 5],32,255,269,223,255
1,<environment.Job instance at 0x7f5481719f00>,33,15,[10  2],34,269,284,235,257
1,<environment.Job instance at 0x7f5481719780>,34,14,[8 5],35,284,298,249,269
1,<environment.Job instance at 0x7f543b7c5aa0>,39,17,[7 5],40,303,320,263,303
1,<environment.Job instance at 0x7f543afdaaf0>,26,17,[3 9],27,320,337,293,308
1,<environment.Job instance at 0x7f543b8cd500>,2,1,[6 3],3,3,4,0,3
1,<environment.Job instance at 0x7f543b22a320>,8,17,[10  1],9,10,27,1,10
1,<environment.Job instance at 0x7f5480e7a780>,9,13,[6 1],10,27,40,17,15
1,<environment.Job instance at 0x7f543b09a820>,11,17,[6 1],12,40,57,28,28
1,<environment.Job instance at 0x7f54815a9dc0>,15,14,[4 7],16,35,49,19,35
1,<environment.Job instance at 0x7f543b466280>,25,19,[4 6],26,77,96,51,77
1,<environment.Job instance at 0x7f5481358b90>,8,15,[5 4],9,23,38,14,23
1,<environment.Job instance at 0x7f548133f0a0>,11,15,[4 9],12,38,53,26,24
1,<environment.Job instance at 0x7f5480ec29b0>,12,13,[1 8],13,53,66,40,37
1,<environment.Job instance at 0x7f5481af4d20>,6,17,[4 6],7,7,24,0,7
1,<environment.Job instance at 0x7f5481af4e60>,3,16,[1 5],4,24,40,20,11
1,<environment.Job instance at 0x7f5481af4aa0>,10,13,[5 1],11,11,24,0,11
1,<environment.Job instance at 0x7f5481af4140>,13,17,[ 1 10],14,75,92,61,75
1,<environment.Job instance at 0x7f5481af48c0>,15,15,[7 5],16,101,116,85,101
1,<environment.Job instance at 0x7f543b113190>,6,18,[5 6],7,23,41,16,23
1,<environment.Job instance at 0x7f543b1b9cd0>,10,1,[7 5],11,64,65,53,64
1,<environment.Job instance at 0x7f5486321d20>,2,14,[5 6],3,65,79,62,64
1,<environment.Job instance at 0x7f5480d03dc0>,12,18,[7 4],13,87,105,74,87
1,<environment.Job instance at 0x7f5480d03550>,16,16,[ 2 10],17,106,122,89,106
1,<environment.Job instance at 0x7f5480d03e60>,20,13,[10  3],21,122,135,101,107
1,<environment.Job instance at 0x7f5480d03eb0>,21,18,[10  5],22,140,158,118,140
1,<environment.Job instance at 0x7f54816ba8c0>,1,13,[9 1],2,2,15,0,2
1,<environment.Job instance at 0x7f543b15a190>,0,16,[3 7],1,15,31,14,9
1,<environment.Job instance at 0x7f543b6d4b90>,6,16,[1 7],7,55,71,48,55
1,<environment.Job instance at 0x7f543b6a3550>,2,18,[10  3],3,78,96,75,78
1,<environment.Job instance at 0x7f54819c0960>,4,14,[5 6],5,24,38,19,24
1,<environment.Job instance at 0x7f54819ec1e0>,11,13,[ 1 10],12,50,63,38,50
1,<environment.Job instance at 0x7f54819ec640>,14,13,[10  5],15,76,89,61,76
1,<environment.Job instance at 0x7f54819ec5a0>,15,15,[5 5],16,89,104,73,76
1,<environment.Job instance at 0x7f54819ecd70>,17,16,[ 1 10],18,104,120,86,92
1,<environment.Job instance at 0x7f548187f230>,4,18,[5 4],5,80,98,75,80
1,<environment.Job instance at 0x7f5481a6c6e0>,14,12,[7 5],15,109,121,94,109
1,<environment.Job instance at 0x7f86becada00>,13,18,[ 4 10],14,87,105,73,87
1,<environment.Job instance at 0x7f86becadbe0>,16,16,[3 5],17,105,121,88,92
1,<environment.Job instance at 0x7f86bec54640>,0,14,[1 7],1,5,19,4,5
1,<environment.Job instance at 0x7f86bec545a0>,1,14,[4 7],2,19,33,17,9
1,<environment.Job instance at 0x7f86bec544b0>,3,14,[5 2],4,23,37,19,23
1,<environment.Job instance at 0x7f867b0ab9b0>,9,17,[3 7],10,33,50,23,24
1,<environment.Job instance at 0x7f867b0ab870>,11,18,[1 9],12,50,68,38,45
1,<environment.Job instance at 0x7f867b04e6e0>,5,2,[5 5],6,15,17,9,15
1,<environment.Job instance at 0x7f867b04e410>,11,16,[5 9],12,71,87,59,71
1,<environment.Job instance at 0x7f867af7fa00>,15,18,[10  5],16,87,105,71,82
1,<environment.Job instance at 0x7f86bef35410>,4,19,[8 2],5,7,26,2,7
1,<environment.Job instance at 0x7f86bef35a00>,8,12,[8 5],9,26,38,17,12
1,<environment.Job instance at 0x7f86bef27640>,2,13,[3 6],3,3,16,0,3
1,<environment.Job instance at 0x7f86bef27af0>,0,18,[7 1],1,5,23,4,5
1,<environment.Job instance at 0x7f86bef35910>,3,18,[ 3 10],4,23,41,19,23
1,<environment.Job instance at 0x7f86beac1a50>,14,15,[9 1],15,52,67,37,52
1,<environment.Job instance at 0x7f867b560320>,18,17,[5 5],19,89,106,70,89
1,<environment.Job instance at 0x7f86c17a31e0>,20,15,[9 4],21,106,121,85,92
1,<environment.Job instance at 0x7f86c17a36e0>,22,13,[1 5],23,94,107,71,94
1,<environment.Job instance at 0x7f86c1785c80>,26,20,[7 1],27,142,162,115,142
1,<environment.Job instance at 0x7f86c17853c0>,27,20,[6 2],28,162,182,134,154
1,<environment.Job instance at 0x7f867b329550>,3,25,[5 6],4,4,29,0,4
1,<environment.Job instance at 0x7f867b329280>,6,2,[10  5],7,29,31,22,7
1,<environment.Job instance at 0x7f867b329960>,9,14,[1 7],10,47,61,37,47
1,<environment.Job instance at 0x7f867b329af0>,10,17,[9 4],11,61,78,50,49
1,<environment.Job instance at 0x7f867b329320>,12,18,[4 8],13,78,96,65,70
1,<environment.Job instance at 0x7f867b329690>,16,13,[1 5],17,96,109,79,87
1,<environment.Job instance at 0x7f867b3292d0>,22,13,[5 8],23,145,158,122,145
1,<environment.Job instance at 0x7f86bf13c820>,24,18,[ 4 10],25,158,176,133,147
1,<environment.Job instance at 0x7f86bf13cfa0>,28,15,[ 5 10],29,176,191,147,164
1,<environment.Job instance at 0x7f86bf13c1e0>,31,19,[4 8],32,192,211,160,192
1,<environment.Job instance at 0x7f86bf13c6e0>,32,16,[ 4 10],33,211,227,178,202
1,<environment.Job instance at 0x7f867b5db4b0>,4,14,[7 2],5,5,19,0,5
1,<environment.Job instance at 0x7f867af35050>,10,14,[3 8],11,12,26,1,12
1,<environment.Job instance at 0x7f867af35370>,11,16,[6 5],12,26,42,14,13
1,<environment.Job instance at 0x7f867afd6d70>,13,12,[ 3 10],14,42,54,28,27
1,<environment.Job instance at 0x7f867af35a50>,16,12,[10  1],17,54,66,37,37
1,<environment.Job instance at 0x7f867af06050>,19,17,[5 5],20,66,83,46,55
1,<environment.Job instance at 0x7f867af06870>,21,17,[8 4],22,83,100,61,72
1,<environment.Job instance at 0x7f867b297960>,7,13,[7 2],8,12,25,4,12
1,<environment.Job instance at 0x7f86bec970a0>,4,18,[5 4],5,25,43,20,14
1,<environment.Job instance at 0x7f867b297f00>,15,12,[9 1],16,43,55,27,36
1,<environment.Job instance at 0x7f867b2978c0>,6,18,[ 4 10],7,55,73,48,49
1,<environment.Job instance at 0x7f867b2a6230>,18,19,[6 2],19,73,92,54,63
1,<environment.Job instance at 0x7f867b2a6730>,26,18,[7 5],27,135,153,108,135
1,<environment.Job instance at 0x7f867b2a67d0>,27,15,[7 2],28,153,168,125,139
1,<environment.Job instance at 0x7f867b2a6c30>,34,12,[ 1 10],35,706,718,671,706
1,<environment.Job instance at 0x7f867b206370>,5,14,[3 9],6,7,21,1,7
1,<environment.Job instance at 0x7f86c1778e10>,6,12,[10  1],7,21,33,14,7
1,<environment.Job instance at 0x7f867b578960>,0,1,[2 5],1,2,3,1,2
1,<environment.Job instance at 0x7f867b34f5f0>,4,15,[3 5],5,6,21,1,6
1,<environment.Job instance at 0x7f867b0f9aa0>,11,1,[3 9],12,28,29,16,28
1,<environment.Job instance at 0x7f86c15f5fa0>,12,12,[9 4],13,29,41,16,28
1,<environment.Job instance at 0x7f867b105dc0>,8,18,[3 9],9,41,59,32,30
1,<environment.Job instance at 0x7f86bee2daf0>,16,18,[10  3],17,59,77,42,48
1,<environment.Job instance at 0x7f867b56a3c0>,19,12,[10  2],20,77,89,57,61
1,<environment.Job instance at 0x7f867ad509b0>,21,18,[ 2 10],22,89,107,67,79
1,<environment.Job instance at 0x7f867b425500>,23,18,[ 2 10],24,107,125,83,96
1,<environment.Job instance at 0x7f867b493c30>,28,13,[6 3],29,132,145,103,132
1,<environment.Job instance at 0x7f86bebcd4b0>,5,2,[8 3],6,6,8,0,6
1,<environment.Job instance at 0x7f86bed80c30>,3,16,[5 2],4,22,38,18,22
1,<environment.Job instance at 0x7f86bf0f0320>,10,3,[5 1],11,22,25,11,22
1,<environment.Job instance at 0x7f86befb70a0>,12,14,[2 9],13,38,52,25,23
1,<environment.Job instance at 0x7f867b493c30>,7,18,[ 4 10],8,52,70,44,41
1,<environment.Job instance at 0x7f867af1cf50>,17,16,[8 4],18,70,86,52,57
1,<environment.Job instance at 0x7f867af13140>,19,16,[5 1],20,86,102,66,73
1,<environment.Job instance at 0x7f86bef5a0f0>,23,18,[2 5],24,105,123,81,105
1,<environment.Job instance at 0x7f86bec69050>,24,18,[ 2 10],25,123,141,98,114
1,<environment.Job instance at 0x7f86bec69730>,28,2,[7 4],29,141,143,112,123
1,<environment.Job instance at 0x7f86beb06fa0>,3,13,[5 1],4,4,17,0,4
1,<environment.Job instance at 0x7f86bf1ab550>,6,12,[3 5],7,7,19,0,7
1,<environment.Job instance at 0x7f86bf1ab820>,5,13,[9 5],6,19,32,13,7
1,<environment.Job instance at 0x7f86bf1ab230>,10,2,[3 9],11,32,34,21,11
1,<environment.Job instance at 0x7f86bef51eb0>,9,15,[9 3],10,34,49,24,20
1,<environment.Job instance at 0x7f86beb06f00>,0,17,[2 8],1,49,66,48,39
1,<environment.Job instance at 0x7f86c1801960>,2,12,[9 3],3,4,16,1,4
1,<environment.Job instance at 0x7f867adc5a00>,6,19,[8 2],7,22,41,15,22
1,<environment.Job instance at 0x7f86c1801870>,0,17,[3 6],1,41,58,40,34
1,<environment.Job instance at 0x7f86bed338c0>,12,16,[7 1],13,66,82,53,66
1,<environment.Job instance at 0x7f86bed33960>,13,13,[6 5],14,93,106,79,93
1,<environment.Job instance at 0x7f86befae820>,3,16,[1 5],4,6,22,2,6
1,<environment.Job instance at 0x7f867ad1b5f0>,7,15,[10  5],8,22,37,14,8
1,<environment.Job instance at 0x7f867b168140>,10,13,[5 1],11,37,50,26,23
1,<environment.Job instance at 0x7f86bef432d0>,0,13,[2 8],1,37,50,36,29
1,<environment.Job instance at 0x7f86bec7ad70>,13,17,[ 1 10],14,67,84,53,67
1,<environment.Job instance at 0x7f86bec7a910>,14,14,[5 4],15,84,98,69,69
1,<environment.Job instance at 0x7f86c17f9690>,15,15,[7 5],16,98,113,82,96
1,<environment.Job instance at 0x7f86bef57fa0>,10,13,[10  3],11,24,37,13,24
1,<environment.Job instance at 0x7f867abda370>,6,16,[ 2 10],7,48,64,41,48
1,<environment.Job instance at 0x7f86beb1bdc0>,18,12,[6 1],19,94,106,75,94
1,<environment.Job instance at 0x7f86bed66eb0>,21,14,[3 7],22,94,108,72,94
1,<environment.Job instance at 0x7f867abda280>,8,17,[10  4],9,108,125,99,96
1,<environment.Job instance at 0x7f86bed3aaf0>,25,12,[7 5],26,125,137,99,114
1,<environment.Job instance at 0x7f86bf05f280>,8,17,[1 6],9,49,66,40,49
1,<environment.Job instance at 0x7f86bf08b0f0>,3,3,[2 7],4,66,69,62,51
1,<environment.Job instance at 0x7f86bf08b230>,4,17,[7 3],5,51,68,46,51
1,<environment.Job instance at 0x7f86bf06a0a0>,18,15,[3 5],19,116,131,97,116
1,<environment.Job instance at 0x7f86bf06a780>,23,15,[6 5],24,194,209,170,194
1,<environment.Job instance at 0x7f86bf0942d0>,24,1,[10  1],25,209,210,184,194
1,<environment.Job instance at 0x7f86bf15e230>,26,12,[8 3],27,215,227,188,215
1,<environment.Job instance at 0x7f867b64d820>,28,17,[3 5],29,227,244,198,215
1,<environment.Job instance at 0x7f86bed7d460>,16,16,[2 9],17,93,109,76,93
1,<environment.Job instance at 0x7f86bed7df00>,17,18,[2 6],18,109,127,91,102
1,<environment.Job instance at 0x7f867b271c30>,0,12,[3 8],1,5,17,4,5
1,<environment.Job instance at 0x7f86c62285a0>,6,27,[6 1],7,8,35,1,8
1,<environment.Job instance at 0x7f86c60a5280>,8,3,[10  1],9,35,38,26,9
1,<environment.Job instance at 0x7f86c6227500>,16,1,[ 3 10],17,46,47,29,46
1,<environment.Job instance at 0x7f86c6227dc0>,15,18,[3 8],16,47,65,31,46
1,<environment.Job instance at 0x7f867b613320>,4,13,[5 8],5,5,18,0,5
1,<environment.Job instance at 0x7f86c13509b0>,10,17,[9 3],11,22,39,11,22
1,<environment.Job instance at 0x7f867b537910>,14,17,[8 3],15,44,61,29,44
1,<environment.Job instance at 0x7fab6fd5a140>,4,14,[1 6],5,69,83,64,69
1,<environment.Job instance at 0x7fab6894aaa0>,14,13,[7 3],15,103,116,88,103
1,<environment.Job instance at 0x7fab6894ab40>,15,18,[2 8],16,116,134,100,105
1,<environment.Job instance at 0x7fab24d444b0>,5,3,[10  1],6,6,9,0,6
1,<environment.Job instance at 0x7fab24d44be0>,10,2,[9 5],11,11,13,0,11
1,<environment.Job instance at 0x7fab24d44e60>,11,22,[2 9],12,13,35,1,13
1,<environment.Job instance at 0x7fab24d3b4b0>,13,18,[6 5],14,35,53,21,24
1,<environment.Job instance at 0x7fab24d3b370>,15,16,[ 2 10],16,53,69,37,43
1,<environment.Job instance at 0x7fab24d47730>,22,14,[2 9],23,91,105,68,91
1,<environment.Job instance at 0x7fab24d47e60>,26,12,[5 9],27,112,124,85,112
1,<environment.Job instance at 0x7fab24d3ceb0>,29,12,[9 3],30,142,154,112,142
1,<environment.Job instance at 0x7fab24d3caf0>,30,18,[10  3],31,154,172,123,151
1,<environment.Job instance at 0x7fab24d3c460>,34,3,[10  2],35,172,175,137,171
1,<environment.Job instance at 0x7fab24d3c6e0>,35,3,[5 5],36,175,178,139,172
1,<environment.Job instance at 0x7fab24d45b90>,40,17,[7 5],41,180,197,139,180
1,<environment.Job instance at 0x7fab24d5baa0>,43,14,[7 5],44,198,212,154,198
1,<environment.Job instance at 0x7fab6fecc460>,8,3,[5 9],9,10,13,1,10
1,<environment.Job instance at 0x7fab24d09190>,13,23,[10  2],14,77,100,63,77
1,<environment.Job instance at 0x7fab68df3eb0>,21,13,[1 6],22,1398,1411,1376,1398
1,<environment.Job instance at 0x7fab68df20a0>,22,15,[3 7],23,1411,1426,1388,1398
1,<environment.Job instance at 0x7fab68e47190>,6,14,[10  3],7,24,38,17,24
1,<environment.Job instance at 0x7fab68c0cfa0>,11,13,[6 5],12,38,51,26,24
1,<environment.Job instance at 0x7fab68af73c0>,10,18,[10  4],11,68,86,57,68
1,<environment.Job instance at 0x7fab68c0c8c0>,14,14,[2 7],15,95,109,80,95
1,<environment.Job instance at 0x7fab6902c5f0>,18,16,[6 3],19,95,111,76,95
1,<environment.Job instance at 0x7fab68d75b40>,20,15,[5 5],21,111,126,90,97
1,<environment.Job instance at 0x7fab68ac71e0>,23,18,[4 9],24,126,144,102,115
1,<environment.Job instance at 0x7fab6941ce10>,8,16,[ 5 10],9,11,27,2,11
1,<environment.Job instance at 0x7fab6940de10>,9,18,[7 3],10,27,45,17,16
1,<environment.Job instance at 0x7fab6943d500>,13,12,[4 6],14,45,57,31,28
1,<environment.Job instance at 0x7fab69442550>,20,2,[1 6],21,89,91,68,89
1,<environment.Job instance at 0x7fab694428c0>,22,15,[4 9],23,139,154,116,139
1,<environment.Job instance at 0x7fab68d81eb0>,1,3,[2 7],2,2,5,0,2
1,<environment.Job instance at 0x7fab68f271e0>,2,1,[10  4],3,5,6,2,4
1,<environment.Job instance at 0x7fab68f27dc0>,3,14,[3 8],4,7,21,3,7
1,<environment.Job instance at 0x7fab68f5c9b0>,8,16,[1 5],9,44,60,35,44
1,<environment.Job instance at 0x7fab68f5c640>,11,13,[9 3],12,44,57,32,44
1,<environment.Job instance at 0x7fab68f5cb90>,13,15,[3 8],14,60,75,46,46
1,<environment.Job instance at 0x7fab69015e10>,7,18,[1 5],8,23,41,15,23
1,<environment.Job instance at 0x7fab69015d20>,9,12,[6 3],10,23,35,13,23
1,<environment.Job instance at 0x7fab69015370>,11,15,[4 8],12,41,56,29,27
1,<environment.Job instance at 0x7fab24df1230>,14,13,[9 5],15,56,69,41,40
1,<environment.Job instance at 0x7fab24b68fa0>,7,2,[9 4],8,70,72,62,70
1,<environment.Job instance at 0x7fab24b61280>,12,14,[6 3],13,95,109,82,95
1,<environment.Job instance at 0x7fab24b61460>,15,14,[9 2],16,112,126,96,112
1,<environment.Job instance at 0x7fab24b615f0>,1,3,[ 5 10],2,4,7,2,4
1,<environment.Job instance at 0x7fab69678e60>,6,15,[6 2],7,10,25,3,10
1,<environment.Job instance at 0x7fab24c29690>,17,18,[5 2],18,74,92,56,74
1,<environment.Job instance at 0x7fab690b4690>,23,20,[6 2],24,142,162,118,142
1,<environment.Job instance at 0x7fab24fc95a0>,12,3,[4 8],13,115,118,102,115
1,<environment.Job instance at 0x7fab24fc90f0>,13,16,[ 5 10],14,193,209,179,193
1,<environment.Job instance at 0x7fab24f6d4b0>,11,15,[6 2],12,67,82,55,67
1,<environment.Job instance at 0x7fab24f6d3c0>,5,3,[1 8],6,73,76,67,73
1,<environment.Job instance at 0x7fab690f0b40>,3,19,[7 5],4,82,101,78,73
1,<environment.Job instance at 0x7fab690f0640>,4,17,[ 4 10],5,101,118,96,90
1,<environment.Job instance at 0x7fab68ceacd0>,20,15,[7 1],21,118,133,97,109
1,<environment.Job instance at 0x7fab690d3230>,2,1,[7 2],3,3,4,0,3
1,<environment.Job instance at 0x7fab24eb0c80>,0,12,[6 1],1,8,20,7,8
1,<environment.Job instance at 0x7fab690d3550>,9,14,[8 5],10,20,34,10,10
1,<environment.Job instance at 0x7fab68dd80f0>,11,18,[6 1],12,34,52,22,23
1,<environment.Job instance at 0x7fab68dd8230>,2,13,[7 3],3,75,88,72,75
1,<environment.Job instance at 0x7fab68795af0>,4,13,[5 8],5,88,101,83,76
1,<environment.Job instance at 0x7fab687955a0>,13,17,[7 2],14,101,118,87,98
1,<environment.Job instance at 0x7fab68795b90>,7,18,[3 8],8,101,119,93,100
1,<environment.Job instance at 0x7fab25262410>,14,18,[1 8],15,121,139,106,121
1,<environment.Job instance at 0x7fab25262280>,22,18,[1 6],23,193,211,170,193
1,<environment.Job instance at 0x7fab68795a50>,9,17,[8 1],10,194,211,184,194
1,<environment.Job instance at 0x7fab25262eb0>,17,18,[1 8],18,213,231,195,213
1,<environment.Job instance at 0x7fab2496d0a0>,25,16,[4 6],26,238,254,212,238
1,<environment.Job instance at 0x7fab689108c0>,6,16,[2 9],7,15,31,8,15
1,<environment.Job instance at 0x7fab692983c0>,4,17,[4 6],5,56,73,51,56
1,<environment.Job instance at 0x7fab249b0b40>,3,15,[ 3 10],4,80,95,76,80
1,<environment.Job instance at 0x7fab68c1e1e0>,16,15,[3 8],17,95,110,78,92
1,<environment.Job instance at 0x7fab686eb7d0>,1,16,[1 6],2,26,42,24,26
1,<environment.Job instance at 0x7fab68f64050>,10,1,[7 5],11,42,43,31,26
1,<environment.Job instance at 0x7fab24e96320>,8,20,[3 9],9,92,112,83,92
1,<environment.Job instance at 0x7fab68dec140>,20,13,[10  3],21,112,125,91,97
1,<environment.Job instance at 0x7fab68decd20>,21,18,[10  5],22,125,143,103,115
1,<environment.Job instance at 0x7fab68a291e0>,3,3,[2 7],4,29,32,25,29
1,<environment.Job instance at 0x7fab69255500>,4,17,[7 3],5,29,46,24,29
1,<environment.Job instance at 0x7fab687044b0>,8,17,[1 6],9,33,50,24,33
1,<environment.Job instance at 0x7fab68704280>,13,21,[5 4],14,60,81,46,60
1,<environment.Job instance at 0x7fab687040a0>,17,18,[ 4 10],18,99,117,81,99
1,<environment.Job instance at 0x7fab687048c0>,23,15,[6 5],24,174,189,150,174
1,<environment.Job instance at 0x7fab687045f0>,24,1,[10  1],25,189,190,164,174
1,<environment.Job instance at 0x7fab68704910>,26,12,[8 3],27,195,207,168,195
1,<environment.Job instance at 0x7fab252b44b0>,28,17,[3 5],29,207,224,178,196
1,<environment.Job instance at 0x7fab252b49b0>,30,3,[9 1],31,224,227,193,201
1,<environment.Job instance at 0x7fab252b41e0>,33,17,[7 2],34,242,259,208,242
1,<environment.Job instance at 0x7fab252b4be0>,37,2,[3 5],38,297,299,259,297
1,<environment.Job instance at 0x7fab252b48c0>,29,18,[ 3 10],30,343,361,313,343
1,<environment.Job instance at 0x7fab25134820>,6,16,[2 9],7,71,87,64,71
1,<environment.Job instance at 0x7fab693ec4b0>,4,18,[10  5],5,89,107,84,89
1,<environment.Job instance at 0x7fab249f68c0>,18,13,[2 5],19,113,126,94,113
1,<environment.Job instance at 0x7fab249f61e0>,19,16,[ 4 10],20,142,158,122,142
1,<environment.Job instance at 0x7fab6905a4b0>,21,12,[1 7],22,158,170,136,143
1,<environment.Job instance at 0x7fab68ce0e60>,5,12,[5 1],6,6,18,0,6
1,<environment.Job instance at 0x7fab68ce0aa0>,4,15,[8 4],5,18,33,13,7
1,<environment.Job instance at 0x7fab252166e0>,10,15,[6 5],11,33,48,22,22
1,<environment.Job instance at 0x7fab25216c80>,17,21,[5 5],18,53,74,35,53
1,<environment.Job instance at 0x7fab25216d20>,18,3,[7 2],19,74,77,55,53
1,<environment.Job instance at 0x7fab25216dc0>,19,3,[1 8],20,74,77,54,53
1,<environment.Job instance at 0x7fab25216e60>,20,1,[5 8],21,77,78,56,54
1,<environment.Job instance at 0x7fab2521a0f0>,23,12,[ 5 10],24,78,90,54,61
1,<environment.Job instance at 0x7fab2521a460>,26,15,[5 5],27,90,105,63,76
1,<environment.Job instance at 0x7fab2521a5a0>,28,14,[3 5],29,90,104,61,77
1,<environment.Job instance at 0x7fab2521a6e0>,30,16,[ 5 10],31,105,121,74,92
1,<environment.Job instance at 0x7fab2521a8c0>,33,12,[6 2],34,121,133,87,106
1,<environment.Job instance at 0x7fab68def5a0>,2,16,[ 2 10],3,133,149,130,121
1,<environment.Job instance at 0x7fab693b3320>,3,3,[4 8],4,4,7,0,4
1,<environment.Job instance at 0x7fab689de460>,9,17,[7 4],10,34,51,24,34
1,<environment.Job instance at 0x7fab689de550>,6,17,[5 5],7,94,111,87,94
1,<environment.Job instance at 0x7fab69258460>,19,16,[5 5],20,94,110,74,94
1,<environment.Job instance at 0x7fab68cdedc0>,20,16,[4 8],21,111,127,90,98
1,<environment.Job instance at 0x7fab69258230>,16,15,[ 3 10],17,127,142,110,118
1,<environment.Job instance at 0x7fab6fc96320>,5,18,[2 8],6,16,34,10,16
1,<environment.Job instance at 0x7fab251bf690>,9,13,[10  1],10,34,47,24,18
1,<environment.Job instance at 0x7fab68cb0a00>,2,15,[4 7],3,47,62,44,39
1,<environment.Job instance at 0x7fab24b45f50>,6,18,[3 8],7,84,102,77,84
1,<environment.Job instance at 0x7fab6960f050>,14,13,[5 6],15,102,115,87,86
1,<environment.Job instance at 0x7f4a8cf5f370>,4,14,[1 6],5,47,61,42,47
1,<environment.Job instance at 0x7f4a7db4baa0>,14,13,[7 3],15,81,94,66,81
1,<environment.Job instance at 0x7f4a7db4bb40>,15,18,[2 8],16,94,112,78,83
1,<environment.Job instance at 0x7f4a7daf3af0>,3,18,[6 5],4,8,26,4,8
1,<environment.Job instance at 0x7f4a41f364b0>,4,19,[6 1],5,53,72,48,53
1,<environment.Job instance at 0x7f4a41f36820>,9,14,[2 6],10,53,67,43,53
1,<environment.Job instance at 0x7f4a41f3ebe0>,12,14,[2 9],13,72,86,59,72
1,<environment.Job instance at 0x7f4a41f3e0f0>,15,13,[5 2],16,103,116,87,103
1,<environment.Job instance at 0x7f4a41f3f7d0>,19,12,[9 3],20,131,143,111,131
1,<environment.Job instance at 0x7f4a41f3faa0>,24,3,[10  2],25,143,146,118,131
1,<environment.Job instance at 0x7f4a41f3f5a0>,26,3,[ 5 10],27,146,149,119,131
1,<environment.Job instance at 0x7f4a41f43410>,31,14,[2 7],32,149,163,117,135
1,<environment.Job instance at 0x7f4a41f3f3c0>,30,17,[7 5],31,163,180,132,151
1,<environment.Job instance at 0x7f4a41f42870>,38,17,[5 2],39,180,197,141,180
1,<environment.Job instance at 0x7f4a41f42730>,37,15,[3 7],38,195,210,157,195
1,<environment.Job instance at 0x7f4a7db4bc80>,5,16,[ 2 10],6,210,226,204,200
1,<environment.Job instance at 0x7f4a41f42230>,46,17,[3 8],47,226,243,179,217
1,<environment.Job instance at 0x7f4a41e6d140>,8,16,[5 4],9,16,32,7,16
1,<environment.Job instance at 0x7f4a8cf86640>,0,17,[10  3],1,38,55,37,38
1,<environment.Job instance at 0x7f4a41e68f00>,16,12,[9 5],17,55,67,38,39
1,<environment.Job instance at 0x7f4a8cf5f370>,19,12,[ 5 10],20,67,79,47,51
1,<environment.Job instance at 0x7f4a41e68b90>,15,15,[5 5],16,79,94,63,65
1,<environment.Job instance at 0x7f4a7dfdc2d0>,26,15,[5 3],27,106,121,79,106
1,<environment.Job instance at 0x7f4a7d8c0c30>,27,18,[1 5],28,107,125,79,107
1,<environment.Job instance at 0x7f4a41e2ca50>,37,2,[6 3],38,203,205,165,203
1,<environment.Job instance at 0x7f4a41e2c410>,40,18,[1 6],41,205,223,164,205
1,<environment.Job instance at 0x7f4a7dc26820>,6,13,[7 5],7,25,38,18,25
1,<environment.Job instance at 0x7f4a7dcdcdc0>,9,18,[8 4],10,38,56,28,27
1,<environment.Job instance at 0x7f4a422d62d0>,7,18,[5 9],8,56,74,48,45
1,<environment.Job instance at 0x7f4a827d3640>,12,18,[3 9],13,74,92,61,63
1,<environment.Job instance at 0x7f4a7dea3c80>,19,18,[3 6],20,92,110,72,81
1,<environment.Job instance at 0x7f4a7d9ed280>,11,20,[6 3],12,23,43,11,23
1,<environment.Job instance at 0x7f4a421cd140>,13,14,[3 9],14,43,57,29,28
1,<environment.Job instance at 0x7f4a7df887d0>,5,16,[5 8],6,57,73,51,48
1,<environment.Job instance at 0x7f4a826110a0>,18,18,[3 6],19,73,91,54,65
1,<environment.Job instance at 0x7f4a8257c7d0>,6,17,[5 4],7,10,27,3,10
1,<environment.Job instance at 0x7f4a82184d20>,8,16,[ 4 10],9,27,43,18,18
1,<environment.Job instance at 0x7f4a7dc5da50>,15,12,[9 4],16,269,281,253,269
1,<environment.Job instance at 0x7f4a7dc1e0f0>,13,3,[ 3 10],14,36,39,22,36
1,<environment.Job instance at 0x7f4a7da95a50>,6,14,[9 5],7,39,53,32,36
1,<environment.Job instance at 0x7f4a7dc1e5f0>,15,14,[2 6],16,53,67,37,38
1,<environment.Job instance at 0x7f4a7df37500>,16,12,[5 1],17,53,65,36,39
1,<environment.Job instance at 0x7f4a420d0eb0>,18,2,[8 5],19,67,69,48,42
1,<environment.Job instance at 0x7f4a7da955a0>,2,17,[8 5],3,69,86,66,59
1,<environment.Job instance at 0x7f4a8212e320>,25,2,[3 9],26,86,88,60,68
1,<environment.Job instance at 0x7f4a7dc1e2d0>,14,13,[10  5],15,88,101,73,74
1,<environment.Job instance at 0x7f4a8212e910>,26,15,[ 4 10],27,102,117,75,102
1,<environment.Job instance at 0x7f4a7db81460>,31,12,[10  1],32,117,129,85,104
1,<environment.Job instance at 0x7f4a8cb5dd20>,32,1,[10  1],33,129,130,96,105
1,<environment.Job instance at 0x7f4a423456e0>,34,18,[5 4],35,130,148,95,125
1,<environment.Job instance at 0x7f4a42345a50>,37,13,[7 2],38,148,161,110,137
1,<environment.Job instance at 0x7f4a42345a50>,3,14,[5 4],4,4,18,0,4
1,<environment.Job instance at 0x7f4a41ffcfa0>,5,12,[1 9],6,18,30,12,6
1,<environment.Job instance at 0x7f4a42002050>,6,18,[6 1],7,18,36,11,7
1,<environment.Job instance at 0x7f4a42002870>,15,14,[3 9],16,34,48,18,34
1,<environment.Job instance at 0x7f4a42002910>,16,12,[10  1],17,48,60,31,34
1,<environment.Job instance at 0x7f4a420029b0>,17,17,[4 7],18,60,77,42,48
1,<environment.Job instance at 0x7f4a42002b90>,20,16,[ 1 10],21,292,308,271,292
1,<environment.Job instance at 0x7f4a42002c30>,3,14,[1 8],4,5,19,1,5
1,<environment.Job instance at 0x7f4a7da85d70>,2,12,[9 4],3,19,31,16,6
1,<environment.Job instance at 0x7f4a7dacb8c0>,8,2,[6 2],9,11,13,2,11
1,<environment.Job instance at 0x7f4a4230e6e0>,9,12,[10  2],10,31,43,21,14
1,<environment.Job instance at 0x7f4a4230ebe0>,12,14,[8 4],13,43,57,30,30
1,<environment.Job instance at 0x7f4a7db694b0>,18,13,[6 3],19,64,77,45,64
1,<environment.Job instance at 0x7f4a824a05f0>,13,18,[ 2 10],14,77,95,63,66
1,<environment.Job instance at 0x7f4a8d0d1230>,14,18,[5 9],15,95,113,80,84
1,<environment.Job instance at 0x7f4a7dcf97d0>,27,2,[5 1],28,95,97,67,85
1,<environment.Job instance at 0x7f4a8ce7d640>,30,13,[3 7],31,113,126,82,103
1,<environment.Job instance at 0x7f4a41bef320>,31,12,[1 8],32,126,138,94,109
1,<environment.Job instance at 0x7f4a420b4870>,32,14,[7 4],33,138,152,105,123
1,<environment.Job instance at 0x7f4a7db69a00>,7,26,[1 7],8,22,48,14,22
1,<environment.Job instance at 0x7f4a7db1ad20>,12,19,[4 6],13,48,67,35,38
1,<environment.Job instance at 0x7f4a7db1a370>,15,1,[6 4],16,52,53,36,52
1,<environment.Job instance at 0x7f4a7db1abe0>,16,13,[5 2],17,53,66,36,52
1,<environment.Job instance at 0x7f4a7db1a4b0>,17,17,[2 8],18,67,84,49,55
1,<environment.Job instance at 0x7f4a42437f00>,19,14,[1 7],20,84,98,64,69
1,<environment.Job instance at 0x7f4a82193a00>,20,19,[4 5],21,98,117,77,89
1,<environment.Job instance at 0x7f4a42241410>,23,3,[6 4],24,98,101,74,97
1,<environment.Job instance at 0x7f4a42242c30>,24,13,[9 1],25,117,130,92,106
1,<environment.Job instance at 0x7f4a42205050>,31,18,[8 2],32,130,148,98,119
1,<environment.Job instance at 0x7f4a7d8c16e0>,36,19,[2 7],37,157,176,120,157
1,<environment.Job instance at 0x7f4a7e05eaa0>,11,14,[7 5],12,77,91,65,77
1,<environment.Job instance at 0x7f4a7e05e8c0>,6,17,[3 9],7,96,113,89,96
1,<environment.Job instance at 0x7f4a7e05ee60>,17,13,[5 9],18,124,137,106,124
1,<environment.Job instance at 0x7f4a7e05e730>,19,17,[7 5],20,156,173,136,156
1,<environment.Job instance at 0x7f4a7e05ebe0>,13,15,[10  2],14,178,193,164,178
1,<environment.Job instance at 0x7f4a7e078280>,22,13,[5 9],23,193,206,170,182
1,<environment.Job instance at 0x7f4a420b0c80>,2,2,[5 2],3,3,5,0,3
1,<environment.Job instance at 0x7f4a825953c0>,4,15,[3 5],5,5,20,0,5
1,<environment.Job instance at 0x7f4a825955a0>,10,20,[2 6],11,20,40,9,12
1,<environment.Job instance at 0x7f4a825957d0>,11,17,[ 1 10],12,40,57,28,36
1,<environment.Job instance at 0x7f4a7dff4460>,16,15,[ 5 10],17,57,72,40,44
1,<environment.Job instance at 0x7f4a7dff4780>,18,15,[10  1],19,72,87,53,59
1,<environment.Job instance at 0x7f4a7dff45f0>,21,16,[7 5],22,87,103,65,74
1,<environment.Job instance at 0x7f4a7dff43c0>,17,15,[4 9],18,103,118,85,90
1,<environment.Job instance at 0x7f4a7dff4e60>,2,13,[2 6],3,4,17,1,4
1,<environment.Job instance at 0x7f4a42400c30>,7,15,[5 1],8,11,26,3,11
1,<environment.Job instance at 0x7f4a42400b40>,11,3,[7 5],12,26,29,14,12
1,<environment.Job instance at 0x7f4a42400910>,15,12,[6 4],16,29,41,13,28
1,<environment.Job instance at 0x7f4a42400780>,14,16,[8 4],15,41,57,26,28
1,<environment.Job instance at 0x7f4a42400fa0>,19,3,[1 6],20,30,33,10,30
1,<environment.Job instance at 0x7f4a82822f00>,22,14,[7 5],23,57,71,34,49
1,<environment.Job instance at 0x7f4a825d25f0>,2,15,[8 2],3,3,18,0,3
1,<environment.Job instance at 0x7f4a825d21e0>,0,13,[5 4],1,18,31,17,5
1,<environment.Job instance at 0x7f4a7d9e5d20>,5,3,[9 3],6,31,34,25,7
1,<environment.Job instance at 0x7f4a7d9e57d0>,9,13,[1 5],10,10,23,0,10
1,<environment.Job instance at 0x7f4a7d9e5c30>,11,2,[ 1 10],12,34,36,22,12
1,<environment.Job instance at 0x7f4a7d9e5b90>,12,1,[7 4],13,36,37,23,13
1,<environment.Job instance at 0x7f4a7d9e5910>,14,18,[6 1],15,37,55,22,26
1,<environment.Job instance at 0x7f4a423727d0>,16,16,[1 7],17,37,53,20,27
1,<environment.Job instance at 0x7f4a42372dc0>,18,18,[2 5],19,53,71,34,42
1,<environment.Job instance at 0x7f4a423722d0>,20,3,[9 5],21,71,74,50,46
1,<environment.Job instance at 0x7f4a423720f0>,23,15,[2 5],24,74,89,50,66
1,<environment.Job instance at 0x7f4a423720f0>,4,13,[2 8],5,6,19,1,6
1,<environment.Job instance at 0x7f4a41cbc870>,6,16,[1 7],7,19,35,12,7
1,<environment.Job instance at 0x7f4a823e7730>,0,16,[3 7],1,57,73,56,57
1,<environment.Job instance at 0x7f4a41fa1190>,12,18,[3 6],13,77,95,64,77
1,<environment.Job instance at 0x7f4a823e7140>,2,18,[10  3],3,95,113,92,84
1,<environment.Job instance at 0x7f4a41c7b6e0>,6,25,[8 5],7,7,32,0,7
1,<environment.Job instance at 0x7f4a41c7bf00>,7,18,[5 5],8,83,101,75,83
1,<environment.Job instance at 0x7f4a41c7bc30>,16,16,[2 9],17,101,117,84,89
1,<environment.Job instance at 0x7f4a42311500>,4,15,[8 4],5,6,21,1,6
1,<environment.Job instance at 0x7f4a42324dc0>,6,13,[5 1],7,21,34,14,8
1,<environment.Job instance at 0x7f4a41c7b2d0>,5,12,[5 1],6,21,33,15,15
1,<environment.Job instance at 0x7f4a825f42d0>,10,15,[6 5],11,34,49,23,22
1,<environment.Job instance at 0x7f4a42324140>,7,15,[3 5],8,48,63,40,48
1,<environment.Job instance at 0x7f4a42319690>,19,3,[1 8],20,63,66,43,51
1,<environment.Job instance at 0x7f4a42324be0>,15,18,[1 9],16,69,87,53,69
1,<environment.Job instance at 0x7f4a423193c0>,23,12,[ 5 10],24,87,99,63,70
1,<environment.Job instance at 0x7f4a423190a0>,26,15,[5 5],27,99,114,72,86
1,<environment.Job instance at 0x7f4a4241d7d0>,32,14,[5 1],33,99,113,66,96
1,<environment.Job instance at 0x7f4a4241d6e0>,33,12,[6 2],34,114,126,80,98
1,<environment.Job instance at 0x7f4a41b98b90>,8,14,[ 2 10],9,40,54,31,40
1,<environment.Job instance at 0x7f4a821a0550>,10,16,[4 8],11,54,70,43,46
1,<environment.Job instance at 0x7f4a821a0af0>,13,16,[5 1],14,64,80,50,64
1,<environment.Job instance at 0x7f4a7dc27c80>,16,1,[6 4],17,87,88,70,87
1,<environment.Job instance at 0x7f4a7dc27730>,17,14,[9 2],18,88,102,70,87
1,<environment.Job instance at 0x7f4a7dc275a0>,18,2,[8 3],19,102,104,83,87
1,<environment.Job instance at 0x7f4a41b98410>,6,15,[ 3 10],7,104,119,97,91
1,<environment.Job instance at 0x7f4a7d949230>,11,17,[10  3],12,57,74,45,57
1,<environment.Job instance at 0x7f4a7d949f50>,14,12,[2 8],15,80,92,65,80
1,<environment.Job instance at 0x7f4a7dc12d70>,24,12,[2 5],25,176,188,151,176
1,<environment.Job instance at 0x7f4a7dd84fa0>,3,12,[4 8],4,24,36,20,24
1,<environment.Job instance at 0x7f4a7dd84af0>,9,16,[7 5],10,36,52,26,24
1,<environment.Job instance at 0x7f4a7dd845f0>,10,15,[5 6],11,52,67,41,39
1,<environment.Job instance at 0x7f4a7dd843c0>,14,17,[5 1],15,52,69,37,46
1,<environment.Job instance at 0x7f4a7dd84e10>,16,16,[9 1],17,69,85,52,57
1,<environment.Job instance at 0x7f4a7dd84690>,17,3,[7 5],18,85,88,67,59
1,<environment.Job instance at 0x7f4a8244bfa0>,19,3,[6 4],20,88,91,68,62
1,<environment.Job instance at 0x7f4a8244bd70>,21,14,[1 8],22,67,81,45,62
1,<environment.Job instance at 0x7f4a8244b730>,23,14,[5 1],24,91,105,67,76
1,<environment.Job instance at 0x7f4a8244bbe0>,24,14,[2 7],25,91,105,66,87
1,<environment.Job instance at 0x7f4a8244b870>,28,18,[2 8],29,105,123,76,97
1,<environment.Job instance at 0x7f4a8244bf00>,30,17,[4 7],31,123,140,92,112
1,<environment.Job instance at 0x7f4a8244bc30>,32,18,[7 1],33,140,158,107,129
1,<environment.Job instance at 0x7f6ac612b500>,5,24,[1 5],6,47,71,41,47
1,<environment.Job instance at 0x7f6ac612bb40>,15,18,[2 8],16,71,89,55,71
1,<environment.Job instance at 0x7f6ac612bc80>,2,14,[2 9],3,7,21,4,7
1,<environment.Job instance at 0x7f6a8039f730>,5,13,[5 2],6,21,34,15,8
1,<environment.Job instance at 0x7f6a803a2b90>,9,12,[9 3],10,34,46,24,19
1,<environment.Job instance at 0x7f6a803a19b0>,15,3,[5 5],16,57,60,41,57
1,<environment.Job instance at 0x7f6a80551960>,16,3,[ 5 10],17,60,63,43,57
1,<environment.Job instance at 0x7f6a803c3c80>,17,20,[5 3],18,63,83,45,58
1,<environment.Job instance at 0x7f6a803a02d0>,21,14,[2 7],22,66,80,44,66
1,<environment.Job instance at 0x7f6a803a0640>,23,14,[7 5],24,83,97,59,79
1,<environment.Job instance at 0x7f6a8051dd70>,28,17,[5 2],29,109,126,80,109
1,<environment.Job instance at 0x7f6a80524d70>,33,2,[5 9],34,147,149,113,147
1,<environment.Job instance at 0x7f6a80524050>,36,17,[3 8],37,176,193,139,176
1,<environment.Job instance at 0x7f6acb563050>,7,18,[1 5],8,41,59,33,41
1,<environment.Job instance at 0x7f6a804ecd70>,12,2,[5 7],13,93,95,80,93
1,<environment.Job instance at 0x7f6acb5630f0>,0,17,[7 5],1,95,112,94,95
1,<environment.Job instance at 0x7f6acb6a3f50>,6,15,[5 3],7,117,132,110,117
1,<environment.Job instance at 0x7f6a804ec190>,19,14,[7 5],20,132,146,112,117
1,<environment.Job instance at 0x7f6acb6b0370>,17,2,[6 3],18,146,148,128,120
1,<environment.Job instance at 0x7f6acb5621e0>,24,16,[10  4],25,148,164,123,140
1,<environment.Job instance at 0x7f6a803d82d0>,27,14,[7 5],28,164,178,136,153
1,<environment.Job instance at 0x7f6a803d8230>,28,3,[5 5],29,178,181,149,154
1,<environment.Job instance at 0x7f6ac5f01320>,31,16,[7 4],32,181,197,149,175
1,<environment.Job instance at 0x7f6a80394aa0>,32,15,[5 9],33,215,230,182,215
1,<environment.Job instance at 0x7f6a80394d20>,33,12,[7 2],34,230,242,196,215
1,<environment.Job instance at 0x7f6ac680cc80>,4,19,[6 3],5,45,64,40,45
1,<environment.Job instance at 0x7f6ac6217320>,11,12,[10  5],12,64,76,52,55
1,<environment.Job instance at 0x7f6a808ed370>,7,17,[2 5],8,104,121,96,104
1,<environment.Job instance at 0x7f6ac6393d20>,20,17,[1 9],21,121,138,100,109
1,<environment.Job instance at 0x7f6ac61c7e60>,25,12,[1 6],26,138,150,112,124
1,<environment.Job instance at 0x7f6a80763050>,5,17,[6 5],6,29,46,23,29
1,<environment.Job instance at 0x7f6a8081b3c0>,9,1,[6 1],10,46,47,36,29
1,<environment.Job instance at 0x7f6ac5f33230>,10,15,[5 2],11,47,62,36,33
1,<environment.Job instance at 0x7f6a80763cd0>,14,15,[9 4],15,62,77,47,58
1,<environment.Job instance at 0x7f6a80a1bf00>,17,14,[2 6],18,79,93,61,79
1,<environment.Job instance at 0x7f6ac67a7eb0>,18,15,[3 8],19,93,108,74,79
1,<environment.Job instance at 0x7f6ac67bc410>,23,3,[4 5],24,114,117,90,114
1,<environment.Job instance at 0x7f6ac68404b0>,4,14,[7 2],5,9,23,4,9
1,<environment.Job instance at 0x7f6ac6840d70>,6,13,[9 2],7,23,36,16,10
1,<environment.Job instance at 0x7f6ac6b71a00>,12,14,[5 4],13,36,50,23,21
1,<environment.Job instance at 0x7f6ac6b71140>,10,14,[3 8],11,50,64,39,35
1,<environment.Job instance at 0x7f6ac6a80fa0>,18,16,[9 2],19,64,80,45,51
1,<environment.Job instance at 0x7f6ac6840690>,9,15,[10  1],10,80,95,70,67
1,<environment.Job instance at 0x7f6a80705aa0>,4,12,[ 1 10],5,8,20,3,8
1,<environment.Job instance at 0x7f6ac6426780>,6,15,[1 8],7,39,54,32,39
1,<environment.Job instance at 0x7f6ac6e1b050>,12,14,[1 7],13,54,68,41,39
1,<environment.Job instance at 0x7f6ac6e1b820>,3,1,[10  4],4,4,5,0,4
1,<environment.Job instance at 0x7f6ac5f5bf00>,4,12,[5 1],5,5,17,0,5
1,<environment.Job instance at 0x7f6ac5f8cfa0>,6,12,[4 8],7,8,20,1,8
1,<environment.Job instance at 0x7f6ac5f690f0>,7,14,[1 9],8,20,34,12,12
1,<environment.Job instance at 0x7f6ac5f696e0>,12,12,[1 6],13,34,46,21,17
1,<environment.Job instance at 0x7f6ac5f69870>,16,19,[6 2],17,34,53,17,34
1,<environment.Job instance at 0x7f6ac5f8cb40>,0,18,[3 9],1,53,71,52,44
1,<environment.Job instance at 0x7f6ac5f69aa0>,20,1,[2 7],21,71,72,50,55
1,<environment.Job instance at 0x7f6ac5f69be0>,21,3,[ 5 10],22,72,75,50,58
1,<environment.Job instance at 0x7f6ac5f69c80>,25,13,[1 9],26,75,88,49,61
1,<environment.Job instance at 0x7f6ac5f69f00>,24,12,[6 1],25,75,87,50,68
1,<environment.Job instance at 0x7f6ac5f69e60>,26,15,[6 2],27,88,103,61,78
1,<environment.Job instance at 0x7f6ac6390690>,1,12,[5 8],2,42,54,40,42
1,<environment.Job instance at 0x7f6ac6bcf230>,12,3,[4 8],13,115,118,102,115
1,<environment.Job instance at 0x7f6ac67e2b40>,8,15,[6 1],9,42,57,33,42
1,<environment.Job instance at 0x7f6ac67e2780>,9,14,[5 7],10,57,71,47,42
1,<environment.Job instance at 0x7f6ac60f2d70>,12,16,[3 5],13,71,87,58,58
1,<environment.Job instance at 0x7f6ac6d51a50>,0,15,[7 1],1,71,86,70,59
1,<environment.Job instance at 0x7f6a80a07d20>,17,16,[5 1],18,86,102,68,79
1,<environment.Job instance at 0x7f6ac6deeeb0>,21,16,[8 1],22,102,118,80,89
1,<environment.Job instance at 0x7f6a8051e690>,2,12,[9 3],3,3,15,0,3
1,<environment.Job instance at 0x7f6a8051eb90>,0,17,[3 6],1,22,39,21,22
1,<environment.Job instance at 0x7f6a808946e0>,1,17,[ 4 10],2,39,56,37,27
1,<environment.Job instance at 0x7f6a808d7e60>,3,12,[9 4],4,5,17,1,5
1,<environment.Job instance at 0x7f6ac63455f0>,9,15,[5 7],10,17,32,7,11
1,<environment.Job instance at 0x7f6ac6345410>,13,14,[4 9],14,32,46,18,31
1,<environment.Job instance at 0x7f6ac6345dc0>,18,14,[10  3],19,59,73,40,59
1,<environment.Job instance at 0x7f6ac61c9e10>,21,17,[5 4],22,78,95,56,78
1,<environment.Job instance at 0x7f6a80ae9460>,0,16,[10  3],1,95,111,94,90
1,<environment.Job instance at 0x7f6ac61c9550>,27,12,[3 7],28,179,191,151,179
1,<environment.Job instance at 0x7f6ac61c9e60>,28,16,[7 1],29,180,196,151,180
1,<environment.Job instance at 0x7f6ac61c96e0>,29,15,[ 4 10],30,196,211,166,183
1,<environment.Job instance at 0x7f6ac64ea870>,32,16,[7 3],33,330,346,297,330
1,<environment.Job instance at 0x7f6a803f0be0>,1,18,[4 7],2,3,21,1,3
1,<environment.Job instance at 0x7f6a807f4140>,7,2,[2 7],8,21,23,13,8
1,<environment.Job instance at 0x7f6a8088ed70>,8,17,[9 1],9,23,40,14,12
1,<environment.Job instance at 0x7f6a8088e3c0>,11,17,[ 1 10],12,40,57,28,36
1,<environment.Job instance at 0x7f6a8088e7d0>,15,17,[2 9],16,57,74,41,45
1,<environment.Job instance at 0x7f6a80656820>,18,15,[ 3 10],19,74,89,55,61
1,<environment.Job instance at 0x7f6ac67b12d0>,6,17,[7 5],7,8,25,1,8
1,<environment.Job instance at 0x7f6a809f3870>,0,18,[6 4],1,25,43,24,16
1,<environment.Job instance at 0x7f6ac67b15a0>,10,14,[4 9],11,43,57,32,28
1,<environment.Job instance at 0x7f6ac67b1910>,15,13,[4 5],16,29,42,13,29
1,<environment.Job instance at 0x7f6ac67b17d0>,13,17,[7 2],14,57,74,43,50
1,<environment.Job instance at 0x7f6ac67de1e0>,4,14,[5 6],5,7,21,2,7
1,<environment.Job instance at 0x7f6ac6c883c0>,8,16,[3 6],9,25,41,16,25
1,<environment.Job instance at 0x7f6a80763780>,11,13,[ 1 10],12,52,65,40,52
1,<environment.Job instance at 0x7f6ac601f5f0>,13,17,[5 6],14,81,98,67,81
1,<environment.Job instance at 0x7f6ac6059640>,17,16,[ 1 10],18,102,118,84,102
1,<environment.Job instance at 0x7f6ac6059dc0>,16,18,[ 5 10],17,118,136,101,111
1,<environment.Job instance at 0x7f6a8007b280>,0,12,[3 8],1,3,15,2,3
1,<environment.Job instance at 0x7f6a80076280>,9,2,[1 8],10,23,25,13,23
1,<environment.Job instance at 0x7f6a80076690>,8,3,[10  1],9,25,28,16,23
1,<environment.Job instance at 0x7f6a80076410>,7,14,[5 6],8,52,66,44,52
1,<environment.Job instance at 0x7f6a80076f00>,16,1,[ 3 10],17,66,67,49,52
1,<environment.Job instance at 0x7f6a800760a0>,3,3,[4 8],4,4,7,0,4
1,<environment.Job instance at 0x7f6ac6afdcd0>,9,17,[7 4],10,33,50,23,33
1,<environment.Job instance at 0x7f6ac6afd780>,16,15,[ 3 10],17,71,86,54,71
1,<environment.Job instance at 0x7f6ac6ae6d70>,18,14,[ 2 10],19,86,100,67,72
1,<environment.Job instance at 0x7f6ac6ae65a0>,19,16,[5 5],20,100,116,80,92
1,<environment.Job instance at 0x7f6ac6ae79b0>,23,16,[5 1],24,119,135,95,119
1,<environment.Job instance at 0x7f6ac6b03780>,27,14,[9 2],28,317,331,289,317
1,<environment.Job instance at 0x7f6ac6bc56e0>,5,15,[5 6],6,18,33,12,18
1,<environment.Job instance at 0x7f6ac6046d70>,13,17,[ 2 10],14,76,93,62,76
1,<environment.Job instance at 0x7f6ac6046230>,14,12,[2 8],15,93,105,78,76
1,<environment.Job instance at 0x7f6a802b92d0>,19,15,[5 3],20,127,142,107,127
1,<environment.Job instance at 0x7f6ac6dc0690>,4,17,[5 1],5,5,22,0,5
1,<environment.Job instance at 0x7f6acb435140>,0,15,[5 6],1,8,23,7,8
1,<environment.Job instance at 0x7f6a80749be0>,7,3,[7 5],8,23,26,15,8
1,<environment.Job instance at 0x7f6ac6dc0be0>,9,3,[6 4],10,26,29,16,10
1,<environment.Job instance at 0x7f6ac6dc0730>,11,14,[1 8],12,29,43,17,22
1,<environment.Job instance at 0x7f6ac6dc09b0>,13,14,[5 1],14,29,43,15,24
1,<environment.Job instance at 0x7f6ac6dc0b40>,6,16,[9 1],7,43,59,36,31
1,<environment.Job instance at 0x7f6ac62e0af0>,17,15,[3 5],18,59,74,41,47
1,<environment.Job instance at 0x7f6ac62e0d20>,19,12,[10  4],20,74,86,54,61
1,<environment.Job instance at 0x7f6ac6e1c2d0>,22,18,[7 1],23,86,104,63,75
1,<environment.Job instance at 0x7f6a8026b640>,6,1,[2 7],7,13,14,6,13
1,<environment.Job instance at 0x7f6a8026bbe0>,10,14,[3 6],11,40,54,29,40
1,<environment.Job instance at 0x7f6ac6652820>,1,14,[1 9],2,64,78,62,64
1,<environment.Job instance at 0x7f6a8026b6e0>,14,14,[7 4],15,89,103,74,89
1,<environment.Job instance at 0x7f6a8026beb0>,17,18,[7 1],18,114,132,96,114
1,<environment.Job instance at 0x7f6a8026b910>,19,13,[ 2 10],20,141,154,121,141
1,<environment.Job instance at 0x7f6a8026bb90>,20,12,[4 5],21,154,166,133,141
1,<environment.Job instance at 0x7f6a8026b690>,22,18,[ 1 10],23,166,184,143,157
1,<environment.Job instance at 0x7f6acb6b4dc0>,28,15,[3 9],29,254,269,225,254
1,<environment.Job instance at 0x7fd21ca9f500>,5,24,[1 5],6,51,75,45,51
1,<environment.Job instance at 0x7fd21ca9faa0>,14,13,[7 3],15,69,82,54,69
1,<environment.Job instance at 0x7fd21ca9fb40>,15,18,[2 8],16,82,100,66,71
1,<environment.Job instance at 0x7fd1d8d16f50>,5,3,[5 5],6,9,12,3,9
1,<environment.Job instance at 0x7fd21ca9fc80>,4,3,[10  2],5,12,15,7,10
1,<environment.Job instance at 0x7fd1d8d14aa0>,13,14,[7 5],14,23,37,9,23
1,<environment.Job instance at 0x7fd1d8d3b730>,10,17,[7 5],11,52,69,41,52
1,<environment.Job instance at 0x7fd1d8d40fa0>,8,18,[10  1],9,69,87,60,58
1,<environment.Job instance at 0x7fd21ca481e0>,0,18,[10  3],1,87,105,86,82
1,<environment.Job instance at 0x7fd1d8e91a50>,23,2,[5 9],24,105,107,81,82
1,<environment.Job instance at 0x7fd1d8e98d70>,26,17,[3 8],27,107,124,80,96
1,<environment.Job instance at 0x7fd1d8cf8f50>,3,1,[7 4],4,4,5,0,4
1,<environment.Job instance at 0x7fd1d8ddc0f0>,2,17,[5 5],3,5,22,2,5
1,<environment.Job instance at 0x7fd1d8cf85f0>,7,14,[7 5],8,22,36,14,8
1,<environment.Job instance at 0x7fd224028050>,8,3,[5 5],9,9,12,0,9
1,<environment.Job instance at 0x7fd21cfce3c0>,11,16,[7 4],12,36,52,24,23
1,<environment.Job instance at 0x7fd1d8dd3230>,15,20,[3 8],16,52,72,36,44
1,<environment.Job instance at 0x7fd21efe75a0>,18,15,[1 7],19,72,87,53,59
1,<environment.Job instance at 0x7fd21c8750f0>,20,18,[1 7],21,87,105,66,76
1,<environment.Job instance at 0x7fd21cf30320>,4,15,[7 4],5,5,20,0,5
1,<environment.Job instance at 0x7fd21cc30be0>,8,17,[7 2],9,20,37,11,9
1,<environment.Job instance at 0x7fd21ccd1d20>,9,12,[8 1],10,37,49,27,31
1,<environment.Job instance at 0x7fd21cd5a190>,14,2,[4 7],15,49,51,34,32
1,<environment.Job instance at 0x7fd21cd5af50>,13,12,[6 5],14,51,63,37,35
1,<environment.Job instance at 0x7fd21f12e500>,17,19,[5 7],18,63,82,45,58
1,<environment.Job instance at 0x7fd21cc2fa50>,21,14,[5 5],22,109,123,87,109
1,<environment.Job instance at 0x7fd21cd9cfa0>,27,13,[6 2],28,150,163,122,150
1,<environment.Job instance at 0x7fd21cbbe8c0>,26,14,[ 4 10],27,163,177,136,153
1,<environment.Job instance at 0x7fd21cb93c30>,30,18,[7 1],31,177,195,146,166
1,<environment.Job instance at 0x7fd21cb93c80>,31,16,[1 8],32,177,193,145,166
1,<environment.Job instance at 0x7fd21cbbe0a0>,28,18,[ 1 10],29,195,213,166,186
1,<environment.Job instance at 0x7fd21cb55190>,39,1,[3 7],40,213,214,173,204
1,<environment.Job instance at 0x7fd1d9188410>,6,13,[1 5],7,10,23,3,10
1,<environment.Job instance at 0x7fd21eff72d0>,0,17,[9 4],1,26,43,25,26
1,<environment.Job instance at 0x7fd1d9399190>,14,18,[ 4 10],15,53,71,38,53
1,<environment.Job instance at 0x7fd1d91886e0>,7,15,[ 5 10],8,71,86,63,71
1,<environment.Job instance at 0x7fd1d93f6690>,17,12,[6 3],18,86,98,68,72
1,<environment.Job instance at 0x7fd21f566730>,18,15,[ 5 10],19,98,113,79,89
1,<environment.Job instance at 0x7fd1d93905f0>,12,13,[5 8],13,113,126,100,108
1,<environment.Job instance at 0x7fd1d9372cd0>,23,14,[5 2],24,118,132,94,118
1,<environment.Job instance at 0x7fd21f580140>,27,18,[9 4],28,147,165,119,147
1,<environment.Job instance at 0x7fd21f5806e0>,30,16,[2 8],31,165,181,134,156
1,<environment.Job instance at 0x7fd21f43d5a0>,5,1,[6 3],6,6,7,0,6
1,<environment.Job instance at 0x7fd21ced8050>,2,16,[5 4],3,7,23,4,6
1,<environment.Job instance at 0x7fd21cb3b640>,11,14,[5 5],12,12,26,0,12
1,<environment.Job instance at 0x7fd21f43d910>,7,13,[5 4],8,23,36,15,12
1,<environment.Job instance at 0x7fd21cb3baa0>,14,16,[6 1],15,36,52,21,25
1,<environment.Job instance at 0x7fd1d8fa0190>,3,17,[ 2 10],4,61,78,57,61
1,<environment.Job instance at 0x7fd21cb3b4b0>,20,16,[10  2],21,81,97,60,81
1,<environment.Job instance at 0x7fd21cb3b0f0>,21,15,[4 8],22,97,112,75,85
1,<environment.Job instance at 0x7fd1d9361050>,6,14,[8 5],7,7,21,0,7
1,<environment.Job instance at 0x7fd1d9361d20>,5,14,[9 5],6,26,40,20,26
1,<environment.Job instance at 0x7fd1d9361550>,9,17,[1 5],10,26,43,16,26
1,<environment.Job instance at 0x7fd21cbbf4b0>,10,3,[3 9],11,43,46,32,26
1,<environment.Job instance at 0x7fd1d9361fa0>,8,15,[7 3],9,87,102,78,87
1,<environment.Job instance at 0x7fd21cd40460>,14,16,[2 9],15,102,118,87,95
1,<environment.Job instance at 0x7fd21cd40960>,17,18,[5 4],18,126,144,108,126
1,<environment.Job instance at 0x7fd1d9280550>,4,17,[5 5],5,127,144,122,127
1,<environment.Job instance at 0x7fd21ce98a50>,22,18,[9 3],23,144,162,121,133
1,<environment.Job instance at 0x7fd223aade10>,28,2,[6 2],29,162,164,133,150
1,<environment.Job instance at 0x7fd1d90e8d70>,30,18,[7 2],31,164,182,133,153
1,<environment.Job instance at 0x7fd21f723410>,32,13,[5 5],33,182,195,149,166
1,<environment.Job instance at 0x7fd1d8f045a0>,4,2,[7 1],5,5,7,0,5
1,<environment.Job instance at 0x7fd21c89cfa0>,8,3,[2 6],9,51,54,42,51
1,<environment.Job instance at 0x7fd21c8a2140>,10,2,[10  3],11,54,56,43,51
1,<environment.Job instance at 0x7fd21c8a21e0>,11,16,[5 2],12,56,72,44,51
1,<environment.Job instance at 0x7fd21c8a23c0>,14,3,[9 1],15,72,75,57,52
1,<environment.Job instance at 0x7fd1d8d689b0>,6,15,[7 2],7,7,22,0,7
1,<environment.Job instance at 0x7fd1d8d68190>,8,2,[7 4],9,22,24,13,9
1,<environment.Job instance at 0x7fd1d8d685a0>,7,19,[10  4],8,26,45,18,26
1,<environment.Job instance at 0x7fd21f0eecd0>,14,2,[ 2 10],15,45,47,30,43
1,<environment.Job instance at 0x7fd1d8d79820>,18,14,[4 5],19,69,83,50,69
1,<environment.Job instance at 0x7fd21f191d20>,2,16,[2 6],3,3,19,0,3
1,<environment.Job instance at 0x7fd1d8e2eaa0>,4,14,[8 5],5,19,33,14,7
1,<environment.Job instance at 0x7fd1d9376e60>,9,17,[7 5],10,33,50,23,24
1,<environment.Job instance at 0x7fd21f6fc3c0>,12,13,[5 9],13,51,64,38,51
1,<environment.Job instance at 0x7fd21cc54aa0>,15,15,[5 1],16,62,77,46,62
1,<environment.Job instance at 0x7fd223da64b0>,16,12,[2 7],17,64,76,47,63
1,<environment.Job instance at 0x7fd1d8efb460>,19,17,[1 8],20,76,93,56,64
1,<environment.Job instance at 0x7fd21cb105f0>,7,17,[9 3],8,15,32,7,15
1,<environment.Job instance at 0x7fd21cb10910>,9,12,[10  1],10,32,44,22,17
1,<environment.Job instance at 0x7fd1d8edb870>,11,15,[9 5],12,44,59,32,31
1,<environment.Job instance at 0x7fd1d8ff1eb0>,15,18,[1 5],16,46,64,30,46
1,<environment.Job instance at 0x7fd21f07f4b0>,4,14,[5 7],5,116,130,111,116
1,<environment.Job instance at 0x7fd1d9020640>,24,13,[5 8],25,130,143,105,116
1,<environment.Job instance at 0x7fd21cb10230>,19,16,[4 7],20,166,182,146,166
1,<environment.Job instance at 0x7fd21ce062d0>,29,17,[8 1],30,182,199,152,170
1,<environment.Job instance at 0x7fd1d90204b0>,22,13,[7 3],23,199,212,176,193
1,<environment.Job instance at 0x7fd21cdfe4b0>,34,18,[1 8],35,212,230,177,212
1,<environment.Job instance at 0x7fd21cdfe5f0>,37,18,[1 8],38,240,258,202,240
1,<environment.Job instance at 0x7fd21cdf5140>,45,16,[4 6],46,304,320,258,304
1,<environment.Job instance at 0x7fd21ca42190>,10,13,[2 8],11,47,60,36,47
1,<environment.Job instance at 0x7fd1d93eb500>,8,17,[3 5],9,60,77,51,48
1,<environment.Job instance at 0x7fd21ca42050>,13,16,[1 5],14,1652,1668,1638,1652
1,<environment.Job instance at 0x7fd1d8b5faa0>,2,2,[4 9],3,3,5,0,3
1,<environment.Job instance at 0x7fd1d8b5fe10>,0,12,[5 9],1,8,20,7,8
1,<environment.Job instance at 0x7fd21f7c05a0>,7,13,[8 4],8,20,33,12,9
1,<environment.Job instance at 0x7fd21f7c06e0>,11,15,[6 4],12,33,48,21,23
1,<environment.Job instance at 0x7fd21f7c0af0>,13,2,[1 6],14,23,25,9,23
1,<environment.Job instance at 0x7fd21f5d15f0>,5,16,[1 8],6,48,64,42,35
1,<environment.Job instance at 0x7fd21f7341e0>,6,2,[3 9],7,46,48,39,46
1,<environment.Job instance at 0x7fd223ed3550>,10,1,[6 2],11,48,49,37,46
1,<environment.Job instance at 0x7fd223ed37d0>,11,17,[2 8],12,48,65,36,47
1,<environment.Job instance at 0x7fd1d8eaf730>,5,2,[2 5],6,70,72,64,70
1,<environment.Job instance at 0x7fd21f220500>,0,17,[8 5],1,71,88,70,71
1,<environment.Job instance at 0x7fd1d931fc80>,18,2,[1 7],19,88,90,69,73
1,<environment.Job instance at 0x7fd21f5c61e0>,17,15,[4 8],18,90,105,72,77
1,<environment.Job instance at 0x7fd1d92d3f00>,20,2,[10  3],21,105,107,84,78
1,<environment.Job instance at 0x7fd1d931f140>,21,17,[2 5],22,107,124,85,96
1,<environment.Job instance at 0x7fd21c87b690>,15,18,[8 2],16,107,125,91,96
1,<environment.Job instance at 0x7fd1d8dc3140>,26,14,[1 8],27,124,138,97,113
1,<environment.Job instance at 0x7fd1d8b0eaa0>,31,14,[6 2],32,125,139,93,114
1,<environment.Job instance at 0x7fd21f18fc80>,24,18,[8 4],25,139,157,114,128
1,<environment.Job instance at 0x7fd1d8b709b0>,38,2,[5 7],39,157,159,118,130
1,<environment.Job instance at 0x7fd1d8b700a0>,42,17,[7 4],43,159,176,116,158
1,<environment.Job instance at 0x7fd21cdf05f0>,49,13,[ 4 10],50,235,248,185,235
1,<environment.Job instance at 0x7fd21f107d20>,14,12,[7 5],15,107,119,92,107
1,<environment.Job instance at 0x7fd21f1a5dc0>,11,21,[5 6],12,30,51,18,30
1,<environment.Job instance at 0x7fd21f1a5780>,12,17,[10  4],13,51,68,38,44
1,<environment.Job instance at 0x7fd1d8fd2910>,7,12,[6 3],8,12,24,4,12
1,<environment.Job instance at 0x7fd1d8fd28c0>,9,13,[10  1],10,39,52,29,39
1,<environment.Job instance at 0x7fd1d9249fa0>,5,18,[2 8],6,52,70,46,41
1,<environment.Job instance at 0x7fd21cdf2a00>,3,12,[4 8],4,24,36,20,24
1,<environment.Job instance at 0x7fd1d92d58c0>,9,16,[7 5],10,36,52,26,24
1,<environment.Job instance at 0x7fd1d92d5be0>,13,16,[ 2 10],14,52,68,38,40
1,<environment.Job instance at 0x7fd1d92d5c80>,14,17,[5 1],15,68,85,53,56
1,<environment.Job instance at 0x7fd1d92d5e60>,17,3,[7 5],18,85,88,67,59
1,<environment.Job instance at 0x7fd1d92d5f50>,19,3,[6 4],20,88,91,68,62
1,<environment.Job instance at 0x7fd1d92b1140>,21,14,[1 8],22,91,105,69,77
1,<environment.Job instance at 0x7fd1d92b1280>,23,14,[5 1],24,91,105,67,78
1,<environment.Job instance at 0x7fd1d92b16e0>,26,18,[5 8],27,111,129,84,111
1,<environment.Job instance at 0x7fd1d92b1690>,27,15,[3 5],28,129,144,101,115
1,<environment.Job instance at 0x7fd1d92b17d0>,30,17,[4 7],31,144,161,113,132
1,<environment.Job instance at 0x7fd1d92b1af0>,35,16,[7 4],36,161,177,125,149
1,<environment.Job instance at 0x7fd21cd1b780>,9,14,[7 3],10,40,54,30,40
1,<environment.Job instance at 0x7fd21cd1bcd0>,10,14,[3 6],11,44,58,33,44
1,<environment.Job instance at 0x7fd1d92b1dc0>,1,14,[1 9],2,64,78,62,64
1,<environment.Job instance at 0x7fd21cd1beb0>,17,18,[7 1],18,112,130,94,112
1,<environment.Job instance at 0x7fd21f22ad70>,21,15,[4 6],22,149,164,127,149
1,<environment.Job instance at 0x7fd21f22a230>,22,18,[ 1 10],23,164,182,141,154
1,<environment.Job instance at 0x7fd21f0c0140>,1,18,[7 1],2,4,22,2,4
1,<environment.Job instance at 0x7fd22401a6e0>,3,15,[1 6],4,10,25,6,10
1,<environment.Job instance at 0x7fd21c978c80>,10,3,[9 4],11,22,25,11,11
1,<environment.Job instance at 0x7fd1d8e263c0>,8,18,[4 9],9,71,89,62,71
1,<environment.Job instance at 0x7fd21cdc86e0>,16,17,[1 9],17,89,106,72,77
1,<environment.Job instance at 0x7fd21cdc8320>,17,16,[4 9],18,106,122,88,94
1,<environment.Job instance at 0x7fd1d9317c80>,21,14,[2 7],22,122,136,100,120
1,<environment.Job instance at 0x7fd1d8d0f8c0>,24,19,[9 4],25,140,159,115,140
1,<environment.Job instance at 0x7fd21cdaa7d0>,25,16,[4 8],26,219,235,193,219
1,<environment.Job instance at 0x7fbd95969af0>,5,18,[7 5],6,8,26,2,8
1,<environment.Job instance at 0x7fbd95969e10>,7,12,[7 2],8,26,38,18,24
1,<environment.Job instance at 0x7fbd95969eb0>,10,14,[1 6],11,26,40,15,24
1,<environment.Job instance at 0x7fbd95969dc0>,11,1,[8 4],12,38,39,26,24
1,<environment.Job instance at 0x7fbd9596c050>,13,15,[4 5],14,40,55,26,28
1,<environment.Job instance at 0x7fbd95969d70>,6,19,[1 7],7,55,74,48,45
1,<environment.Job instance at 0x7fbd9596c370>,18,18,[3 6],19,74,92,55,65
1,<environment.Job instance at 0x7fbd9596c5f0>,22,3,[4 6],23,109,112,86,109
1,<environment.Job instance at 0x7fbd9596ce10>,28,2,[5 8],29,134,136,105,134
1,<environment.Job instance at 0x7fbd9596cfa0>,32,14,[8 3],33,158,172,125,158
1,<environment.Job instance at 0x7fbd9596f140>,35,3,[9 5],36,172,175,136,158
1,<environment.Job instance at 0x7fbd9596f1e0>,36,16,[8 1],37,175,191,138,162
1,<environment.Job instance at 0x7fbd9596f320>,38,16,[1 5],39,169,185,130,169
1,<environment.Job instance at 0x7fbd9596f500>,41,3,[6 3],42,191,194,149,177
1,<environment.Job instance at 0x7fbd9596f460>,40,17,[ 3 10],41,243,260,202,243
1,<environment.Job instance at 0x7fbd9596fa00>,46,2,[ 1 10],47,260,262,213,243
1,<environment.Job instance at 0x7fbd9acbeb40>,4,3,[1 7],5,5,8,0,5
1,<environment.Job instance at 0x7fbd9acbe0f0>,3,17,[4 5],4,8,25,4,8
1,<environment.Job instance at 0x7fbd958abb90>,8,17,[1 7],9,29,46,20,29
1,<environment.Job instance at 0x7fbd9acbe1e0>,9,16,[8 1],10,29,45,19,29
1,<environment.Job instance at 0x7fbd9596faa0>,5,12,[7 4],6,46,58,40,29
1,<environment.Job instance at 0x7fbd9aef2230>,16,12,[6 1],17,66,78,49,66
1,<environment.Job instance at 0x7fbd958f9280>,11,14,[ 2 10],12,78,92,66,68
1,<environment.Job instance at 0x7fbd9aef2640>,21,13,[7 2],22,92,105,70,88
1,<environment.Job instance at 0x7fbd9aef2050>,25,19,[8 3],26,105,124,79,96
1,<environment.Job instance at 0x7fbd9aee97d0>,28,13,[1 5],29,110,123,81,110
1,<environment.Job instance at 0x7fbd9aef27d0>,13,17,[9 2],14,124,141,110,112
1,<environment.Job instance at 0x7fbd9aee9dc0>,29,15,[4 7],30,141,156,111,127
1,<environment.Job instance at 0x7fbd4fc85b90>,3,17,[ 2 10],4,4,21,0,4
1,<environment.Job instance at 0x7fbd4fc858c0>,7,13,[6 5],8,21,34,13,10
1,<environment.Job instance at 0x7fbd4fc854b0>,6,16,[7 3],7,34,50,27,21
1,<environment.Job instance at 0x7fbd4fc85c80>,10,13,[1 7],11,34,47,23,21
1,<environment.Job instance at 0x7fbd4fc857d0>,8,15,[9 4],9,50,65,41,36
1,<environment.Job instance at 0x7fbd4fc85140>,16,3,[1 6],17,47,50,30,36
1,<environment.Job instance at 0x7fbd4fbc6eb0>,19,15,[9 2],20,65,80,45,51
1,<environment.Job instance at 0x7fbd4fbc6550>,22,16,[1 8],23,65,81,42,64
1,<environment.Job instance at 0x7fbd4fd3be10>,6,16,[6 2],7,8,24,1,8
1,<environment.Job instance at 0x7fbd4fd3b690>,4,13,[2 6],5,27,40,22,27
1,<environment.Job instance at 0x7fbd4fbc6780>,3,18,[5 5],4,40,58,36,29
1,<environment.Job instance at 0x7fbd4fd3b550>,14,14,[ 4 10],15,58,72,43,43
1,<environment.Job instance at 0x7fbd50053500>,7,27,[5 3],8,23,50,15,23
1,<environment.Job instance at 0x7fbd500536e0>,10,13,[5 1],11,45,58,34,45
1,<environment.Job instance at 0x7fbd4fc143c0>,3,16,[10  3],4,71,87,67,71
1,<environment.Job instance at 0x7fbd5005ee10>,2,17,[8 5],3,5,22,2,5
1,<environment.Job instance at 0x7fbd5005eeb0>,0,17,[2 6],1,22,39,21,11
1,<environment.Job instance at 0x7fbd95795230>,7,3,[8 3],8,22,25,14,17
1,<environment.Job instance at 0x7fbd95b1f3c0>,9,15,[5 7],10,39,54,29,25
1,<environment.Job instance at 0x7fbd95b1f140>,10,12,[6 2],11,25,37,14,25
1,<environment.Job instance at 0x7fbd95795870>,6,12,[ 3 10],7,55,67,48,55
1,<environment.Job instance at 0x7fbd95b1ffa0>,14,12,[1 8],15,67,79,52,67
1,<environment.Job instance at 0x7fbd95b1f0f0>,19,18,[10  2],20,153,171,133,153
1,<environment.Job instance at 0x7fbd9a7d9820>,2,2,[8 1],3,6,8,3,6
1,<environment.Job instance at 0x7fbd95b1f0f0>,3,1,[10  2],4,8,9,4,7
1,<environment.Job instance at 0x7fbd9a75d460>,6,14,[5 3],7,48,62,41,48
1,<environment.Job instance at 0x7fbd9a743fa0>,14,1,[10  3],15,62,63,47,48
1,<environment.Job instance at 0x7fbd9a743910>,15,13,[7 1],16,63,76,47,48
1,<environment.Job instance at 0x7fbd95aca0a0>,18,15,[2 8],19,68,83,49,68
1,<environment.Job instance at 0x7fbd95d12640>,20,14,[7 1],21,76,90,55,68
1,<environment.Job instance at 0x7fbd95afbe60>,17,16,[8 3],18,90,106,72,77
1,<environment.Job instance at 0x7fbd9a810870>,23,14,[ 3 10],24,106,120,82,92
1,<environment.Job instance at 0x7fbd95d88a50>,4,14,[3 6],5,23,37,18,23
1,<environment.Job instance at 0x7fbd95ab34b0>,8,16,[2 6],9,37,53,28,30
1,<environment.Job instance at 0x7fbd9ada0af0>,4,12,[ 1 10],5,8,20,3,8
1,<environment.Job instance at 0x7fbd959af5a0>,11,15,[5 1],12,27,42,15,27
1,<environment.Job instance at 0x7fbd9ada0320>,9,17,[2 8],10,27,44,17,27
1,<environment.Job instance at 0x7fbd959af4b0>,12,16,[3 9],13,44,60,31,31
1,<environment.Job instance at 0x7fbd959aff50>,16,12,[4 7],17,60,72,43,45
1,<environment.Job instance at 0x7fbd959af640>,20,16,[2 7],21,72,88,51,59
1,<environment.Job instance at 0x7fbd95c87410>,6,28,[5 2],7,13,41,6,13
1,<environment.Job instance at 0x7fbd95c87af0>,5,14,[5 8],6,31,45,25,31
1,<environment.Job instance at 0x7fbd95bee0a0>,11,14,[3 5],12,52,66,40,52
1,<environment.Job instance at 0x7fbd4ffa9280>,13,14,[8 1],14,66,80,52,53
1,<environment.Job instance at 0x7fbd95beec30>,12,18,[2 8],13,66,84,53,56
1,<environment.Job instance at 0x7fbd95bee5a0>,17,17,[7 4],18,84,101,66,72
1,<environment.Job instance at 0x7fbd9592be60>,18,2,[7 2],19,80,82,61,72
1,<environment.Job instance at 0x7fbd9a2e5910>,20,13,[6 5],21,101,114,80,85
1,<environment.Job instance at 0x7fbd9a2e53c0>,19,15,[ 5 10],20,114,129,94,108
1,<environment.Job instance at 0x7fbd502647d0>,6,16,[2 5],7,9,25,2,9
1,<environment.Job instance at 0x7fbd4fdb6b40>,8,17,[7 3],9,9,26,0,9
1,<environment.Job instance at 0x7fbd4fa39730>,16,13,[1 9],17,75,88,58,75
1,<environment.Job instance at 0x7fbd4fa39aa0>,17,16,[4 5],18,136,152,118,136
1,<environment.Job instance at 0x7fbd95afb500>,26,15,[5 7],27,225,240,198,225
1,<environment.Job instance at 0x7fbd9a94b3c0>,1,12,[ 5 10],2,48,60,46,48
1,<environment.Job instance at 0x7fbd95d78e60>,7,14,[10  3],8,60,74,52,48
1,<environment.Job instance at 0x7fbd95d78b90>,10,18,[3 6],11,74,92,63,63
1,<environment.Job instance at 0x7fbd95d64320>,14,3,[1 6],15,92,95,77,75
1,<environment.Job instance at 0x7fbd95d64500>,17,14,[7 5],18,100,114,82,100
1,<environment.Job instance at 0x7fbd95d645a0>,18,12,[6 1],19,114,126,95,100
1,<environment.Job instance at 0x7fbd95d646e0>,20,3,[5 1],21,126,129,105,100
1,<environment.Job instance at 0x7fbd95d64820>,22,14,[9 5],23,129,143,106,115
1,<environment.Job instance at 0x7fbd95b1cf50>,5,12,[4 8],6,25,37,19,25
1,<environment.Job instance at 0x7fbd500b8190>,15,16,[5 5],16,97,113,81,97
1,<environment.Job instance at 0x7fbd500b8c80>,16,12,[ 3 10],17,113,125,96,97
1,<environment.Job instance at 0x7fbd500b85a0>,18,13,[8 5],19,125,138,106,109
1,<environment.Job instance at 0x7fbd4fc27d70>,8,12,[3 5],9,44,56,35,44
1,<environment.Job instance at 0x7fbd9a62f4b0>,14,16,[10  5],15,56,72,41,45
1,<environment.Job instance at 0x7fbd9a62f050>,16,13,[7 5],17,72,85,55,61
1,<environment.Job instance at 0x7fbd9a62f280>,17,13,[1 8],18,85,98,67,69
1,<environment.Job instance at 0x7fbd9a62f550>,20,13,[ 2 10],21,98,111,77,84
1,<environment.Job instance at 0x7fbd502f5d70>,24,2,[2 6],25,111,113,86,84
1,<environment.Job instance at 0x7fbd502f5af0>,27,16,[9 4],28,113,129,85,106
1,<environment.Job instance at 0x7fbd502f5cd0>,30,13,[ 4 10],31,129,142,98,114
1,<environment.Job instance at 0x7fbd502f5320>,33,14,[1 8],34,142,156,108,128
1,<environment.Job instance at 0x7fbd9a62fa50>,23,18,[ 5 10],24,156,174,132,146
1,<environment.Job instance at 0x7fbd95cc1f50>,10,12,[1 8],11,53,65,42,53
1,<environment.Job instance at 0x7fbd95cc1f00>,11,16,[5 1],12,53,69,41,53
1,<environment.Job instance at 0x7fbd95c9f280>,14,18,[2 5],15,65,83,50,54
1,<environment.Job instance at 0x7fbd95c9f460>,17,15,[ 1 10],18,83,98,65,69
1,<environment.Job instance at 0x7fbd4fd4e820>,8,14,[3 8],9,68,82,59,68
1,<environment.Job instance at 0x7fbd4fd4e370>,10,12,[2 7],11,82,94,71,68
1,<environment.Job instance at 0x7fbd4fd4e4b0>,11,14,[ 4 10],12,94,108,82,88
1,<environment.Job instance at 0x7fbd500010f0>,17,13,[7 4],18,108,121,90,92
1,<environment.Job instance at 0x7fbd500016e0>,19,17,[1 8],20,121,138,101,114
1,<environment.Job instance at 0x7fbd500015f0>,20,16,[6 2],21,121,137,100,114
1,<environment.Job instance at 0x7fbd50001640>,23,16,[7 2],24,137,153,113,137
1,<environment.Job instance at 0x7fbd500017d0>,25,16,[5 7],26,153,169,127,145
1,<environment.Job instance at 0x7fbd50001870>,26,3,[4 8],27,169,172,142,145
1,<environment.Job instance at 0x7fbd500012d0>,32,3,[2 6],33,183,186,150,183
1,<environment.Job instance at 0x7fbd50001dc0>,33,19,[2 8],34,191,210,157,191
1,<environment.Job instance at 0x7fbd4fd71320>,8,18,[5 5],9,24,42,15,24
1,<environment.Job instance at 0x7fbd95a08be0>,2,14,[4 7],3,42,56,39,28
1,<environment.Job instance at 0x7fbd4fd71dc0>,7,16,[ 3 10],8,56,72,48,43
1,<environment.Job instance at 0x7fbd4fae2910>,16,14,[1 9],17,72,86,55,57
1,<environment.Job instance at 0x7fbd5001d460>,18,12,[2 6],19,86,98,67,69
1,<environment.Job instance at 0x7fbd4fa56730>,21,13,[5 5],22,98,111,76,82
1,<environment.Job instance at 0x7fbd95799eb0>,24,16,[5 4],25,91,107,66,91
1,<environment.Job instance at 0x7fbd4ff9adc0>,31,2,[5 9],32,123,125,91,123
1,<environment.Job instance at 0x7fbd9ae0b370>,34,14,[5 1],35,162,176,127,162
1,<environment.Job instance at 0x7fbd4ff894b0>,38,18,[7 1],39,193,211,154,193
1,<environment.Job instance at 0x7fbd959b0820>,39,14,[9 1],40,211,225,171,196
1,<environment.Job instance at 0x7fbd4fcea190>,7,18,[1 8],8,17,35,9,17
1,<environment.Job instance at 0x7fbd9a4263c0>,11,14,[ 1 10],12,35,49,23,20
1,<environment.Job instance at 0x7fbd9a23c370>,12,18,[7 4],13,49,67,36,41
1,<environment.Job instance at 0x7fbd4fed7820>,15,18,[6 4],16,67,85,51,62
1,<environment.Job instance at 0x7fbd9594b5a0>,19,12,[10  5],20,85,97,65,68
1,<environment.Job instance at 0x7fbd95db0690>,20,14,[5 3],21,97,111,76,82
1,<environment.Job instance at 0x7fbd9575b2d0>,4,16,[7 2],5,74,90,69,74
1,<environment.Job instance at 0x7fbd9575b140>,8,17,[3 6],9,81,98,72,81
1,<environment.Job instance at 0x7fbd9575bcd0>,11,14,[10  2],12,99,113,87,99
1,<environment.Job instance at 0x7fbd9586ad70>,20,18,[2 7],21,160,178,139,160
1,<environment.Job instance at 0x7fbd9586a5a0>,24,16,[4 8],25,181,197,156,181
1,<environment.Job instance at 0x7fbd9586a640>,25,18,[6 1],26,181,199,155,181
1,<environment.Job instance at 0x7fbd9586a1e0>,28,12,[6 1],29,199,211,170,186
1,<environment.Job instance at 0x7fbd9586a0a0>,16,14,[10  2],17,211,225,194,205
1,<environment.Job instance at 0x7fbd9a42d0f0>,32,1,[7 4],33,225,226,192,206
1,<environment.Job instance at 0x7fbd9a42d320>,34,14,[2 7],35,226,240,191,212
1,<environment.Job instance at 0x7fbd9a42df00>,35,18,[2 7],36,240,258,204,229
1,<environment.Job instance at 0x7fbd9a42dfa0>,38,16,[5 1],39,230,246,191,230
1,<environment.Job instance at 0x7fbd9a42df50>,40,13,[8 2],41,246,259,205,241
1,<environment.Job instance at 0x7fbd9a230aa0>,1,19,[2 9],2,3,22,1,3
1,<environment.Job instance at 0x7fbd4fd6f140>,2,12,[7 3],3,22,34,19,6
1,<environment.Job instance at 0x7fbd95d98dc0>,9,15,[4 8],10,34,49,24,22
1,<environment.Job instance at 0x7fbd4fee8c80>,18,13,[8 2],19,74,87,55,74
1,<environment.Job instance at 0x7fbd9a599b90>,21,21,[8 2],22,91,112,69,91
1,<environment.Job instance at 0x7fbd95879280>,26,14,[5 5],27,112,126,85,99
1,<environment.Job instance at 0x7f4f82517d20>,7,12,[7 2],8,8,20,0,8
1,<environment.Job instance at 0x7f4f82517eb0>,10,14,[1 6],11,24,38,13,24
1,<environment.Job instance at 0x7f4f82517c30>,9,17,[8 1],10,24,41,14,24
1,<environment.Job instance at 0x7f4f82517dc0>,11,1,[8 4],12,41,42,29,24
1,<environment.Job instance at 0x7f4f8251a190>,15,20,[3 5],16,50,70,34,50
1,<environment.Job instance at 0x7f4f8251a050>,13,15,[4 5],14,54,69,40,54
1,<environment.Job instance at 0x7f4f82517d70>,6,19,[1 7],7,70,89,63,66
1,<environment.Job instance at 0x7f4f8251a5f0>,22,3,[4 6],23,89,92,66,88
1,<environment.Job instance at 0x7f4f8251a690>,23,18,[7 4],24,92,110,68,88
1,<environment.Job instance at 0x7f4f8251adc0>,30,15,[8 2],31,118,133,87,118
1,<environment.Job instance at 0x7f4f8251afa0>,32,14,[8 3],33,133,147,100,118
1,<environment.Job instance at 0x7f4f8251d140>,35,3,[9 5],36,147,150,111,134
1,<environment.Job instance at 0x7f4f8251d1e0>,36,16,[8 1],37,150,166,113,137
1,<environment.Job instance at 0x7f4f8251d320>,38,16,[1 5],39,154,170,115,154
1,<environment.Job instance at 0x7f4f8251d280>,37,15,[2 5],38,180,195,142,180
1,<environment.Job instance at 0x7f4f8251d460>,40,17,[ 3 10],41,228,245,187,228
1,<environment.Job instance at 0x7f4f8251d960>,46,2,[ 1 10],47,245,247,198,228
1,<environment.Job instance at 0x7f4f89aa1d70>,7,13,[3 5],8,8,21,0,8
1,<environment.Job instance at 0x7f4f89aa1e10>,6,12,[6 1],7,8,20,1,8
1,<environment.Job instance at 0x7f4f89a953c0>,11,13,[7 2],12,22,35,10,22
1,<environment.Job instance at 0x7f4f89a95460>,12,18,[5 5],13,35,53,22,24
1,<environment.Job instance at 0x7f4f89aa1fa0>,0,17,[9 3],1,53,70,52,47
1,<environment.Job instance at 0x7f4f89a95d70>,19,15,[4 7],20,70,85,50,57
1,<environment.Job instance at 0x7f4f899505a0>,22,2,[10  3],23,85,87,62,70
1,<environment.Job instance at 0x7f4f89950a00>,21,17,[2 7],22,87,104,65,85
1,<environment.Job instance at 0x7f4f89950280>,27,17,[7 4],28,104,121,76,92
1,<environment.Job instance at 0x7f4f899505f0>,30,15,[5 5],31,401,416,370,401
1,<environment.Job instance at 0x7f4f3e802410>,7,12,[1 9],8,18,30,10,18
1,<environment.Job instance at 0x7f4f3e7f25a0>,10,16,[9 4],11,30,46,19,24
1,<environment.Job instance at 0x7f4f3e7f23c0>,13,14,[1 7],14,46,60,32,33
1,<environment.Job instance at 0x7f4f3e7f2780>,18,13,[3 6],19,65,78,46,65
1,<environment.Job instance at 0x7f4f3e7f2f00>,16,16,[5 3],17,83,99,66,83
1,<environment.Job instance at 0x7f4f3e825870>,21,18,[10  5],22,99,117,77,91
1,<environment.Job instance at 0x7f4f3e825640>,33,18,[5 5],34,1494,1512,1460,1494
1,<environment.Job instance at 0x7f4f3e825d20>,36,16,[6 2],37,1536,1552,1499,1536
1,<environment.Job instance at 0x7f4f3e855a50>,39,14,[3 8],40,1548,1562,1508,1548
1,<environment.Job instance at 0x7f4f3e8e2f00>,1,13,[ 4 10],2,3,16,1,3
1,<environment.Job instance at 0x7f4f3eccf460>,6,17,[8 2],7,47,64,40,47
1,<environment.Job instance at 0x7f4f3ebc6410>,15,18,[8 2],16,64,82,48,55
1,<environment.Job instance at 0x7f4f3e819870>,17,3,[5 4],18,82,85,64,56
1,<environment.Job instance at 0x7f4f3e8195a0>,18,17,[10  5],19,85,102,66,73
1,<environment.Job instance at 0x7f4f3e819730>,19,16,[ 3 10],20,122,138,102,122
1,<environment.Job instance at 0x7f4f3ec025f0>,5,16,[7 4],6,70,86,64,70
1,<environment.Job instance at 0x7f4f3ec02a50>,12,17,[8 5],13,86,103,73,76
1,<environment.Job instance at 0x7f4f3ec1d0f0>,14,18,[10  4],15,103,121,88,93
1,<environment.Job instance at 0x7f4f3ec1d140>,16,12,[ 3 10],17,121,133,104,105
1,<environment.Job instance at 0x7f4f3ec1d320>,19,15,[5 7],20,133,148,113,119
1,<environment.Job instance at 0x7f4f851b3640>,6,14,[5 3],7,7,21,0,7
1,<environment.Job instance at 0x7f4f851b3230>,1,15,[4 8],2,48,63,46,48
1,<environment.Job instance at 0x7f4f8981cb40>,14,1,[10  3],15,63,64,48,48
1,<environment.Job instance at 0x7f4f8981c780>,17,16,[8 3],18,64,80,46,60
1,<environment.Job instance at 0x7f4f82753230>,22,17,[4 8],23,80,97,57,68
1,<environment.Job instance at 0x7f4f85092460>,4,25,[10  4],5,6,31,1,6
1,<environment.Job instance at 0x7f4f84e1be10>,6,3,[5 9],7,31,34,24,7
1,<environment.Job instance at 0x7f4f3ed18140>,12,1,[ 2 10],13,34,35,21,28
1,<environment.Job instance at 0x7f4f3ed18410>,13,17,[7 1],14,35,52,21,29
1,<environment.Job instance at 0x7f4f829ba7d0>,14,18,[3 8],15,35,53,20,30
1,<environment.Job instance at 0x7f4f84dcb640>,15,13,[6 3],16,53,66,37,37
1,<environment.Job instance at 0x7f4f84dcb550>,19,15,[4 9],20,75,90,55,75
1,<environment.Job instance at 0x7f4f3eae15f0>,21,14,[3 6],22,102,116,80,102
1,<environment.Job instance at 0x7f4f3e8b0e60>,22,3,[9 2],23,116,119,93,102
1,<environment.Job instance at 0x7f4f3e8b0c80>,23,18,[4 8],24,119,137,95,113
1,<environment.Job instance at 0x7f4f3ec46c80>,27,20,[1 9],28,137,157,109,132
1,<environment.Job instance at 0x7f4f3ec93280>,28,18,[ 3 10],29,157,175,128,146
1,<environment.Job instance at 0x7f4f3eaa5c30>,35,22,[7 4],36,178,200,142,178
1,<environment.Job instance at 0x7f4f3e9490f0>,4,2,[2 8],5,5,7,0,5
1,<environment.Job instance at 0x7f4f3e949190>,7,14,[5 9],8,10,24,2,10
1,<environment.Job instance at 0x7f4f84ac60f0>,8,2,[7 2],9,10,12,1,10
1,<environment.Job instance at 0x7f4f823758c0>,19,18,[6 2],20,100,118,80,100
1,<environment.Job instance at 0x7f4f3e949370>,1,12,[5 6],2,118,130,116,102
1,<environment.Job instance at 0x7f4f84e22320>,22,19,[2 7],23,130,149,107,124
1,<environment.Job instance at 0x7f4f84c74460>,37,16,[4 5],38,190,206,152,190
1,<environment.Job instance at 0x7f4f84abe820>,34,12,[3 8],35,206,218,171,193
1,<environment.Job instance at 0x7f4f828f70a0>,42,2,[2 5],43,218,220,175,212
1,<environment.Job instance at 0x7f4f89969f50>,45,1,[4 9],46,226,227,180,226
1,<environment.Job instance at 0x7f4f850b3050>,46,15,[5 7],47,227,242,180,226
1,<environment.Job instance at 0x7f4f8290f730>,4,13,[ 5 10],5,6,19,1,6
1,<environment.Job instance at 0x7f4f82903320>,5,15,[7 2],6,19,34,13,10
1,<environment.Job instance at 0x7f4f84fe7190>,11,12,[ 5 10],12,34,46,22,17
1,<environment.Job instance at 0x7f4f823ab690>,14,14,[1 8],15,46,60,31,37
1,<environment.Job instance at 0x7f4f822f9d20>,16,17,[ 4 10],17,110,127,93,110
1,<environment.Job instance at 0x7f4f822f96e0>,17,14,[10  3],18,127,141,109,112
1,<environment.Job instance at 0x7f4f3e7f2690>,5,12,[4 8],6,25,37,19,25
1,<environment.Job instance at 0x7f4f823d1960>,8,15,[5 5],9,37,52,28,25
1,<environment.Job instance at 0x7f4f823d1fa0>,16,12,[ 3 10],17,108,120,91,108
1,<environment.Job instance at 0x7f4f823cf0f0>,17,17,[4 5],18,120,137,102,109
1,<environment.Job instance at 0x7f4f823cf050>,18,13,[8 5],19,137,150,118,121
1,<environment.Job instance at 0x7f4f82a32370>,7,13,[1 8],8,8,21,0,8
1,<environment.Job instance at 0x7f4f82a323c0>,9,14,[1 7],10,21,35,11,18
1,<environment.Job instance at 0x7f4f82a32a00>,5,15,[10  1],6,35,50,29,21
1,<environment.Job instance at 0x7f4f3ec5eeb0>,14,2,[2 6],15,50,52,35,23
1,<environment.Job instance at 0x7f4f82a324b0>,10,13,[ 2 10],11,52,65,41,37
1,<environment.Job instance at 0x7f4f3ec5e910>,13,18,[ 5 10],14,65,83,51,54
1,<environment.Job instance at 0x7f4f3e5ab500>,20,13,[ 4 10],21,83,96,62,68
1,<environment.Job instance at 0x7f4f3e5ab410>,24,12,[5 6],25,96,108,71,79
1,<environment.Job instance at 0x7f4f824f00a0>,8,16,[6 5],9,9,25,0,9
1,<environment.Job instance at 0x7f4f824f0320>,7,15,[1 7],8,25,40,17,12
1,<environment.Job instance at 0x7f4f824f0230>,14,15,[5 3],15,53,68,38,53
1,<environment.Job instance at 0x7f4f824f0550>,17,17,[ 2 10],18,78,95,60,78
1,<environment.Job instance at 0x7f4f82444780>,21,13,[4 7],22,95,108,73,80
1,<environment.Job instance at 0x7f4f826bc050>,9,14,[5 1],10,10,24,0,10
1,<environment.Job instance at 0x7f4f826bc9b0>,10,15,[7 3],11,24,39,13,12
1,<environment.Job instance at 0x7f4f826bc820>,11,15,[10  3],12,48,63,36,48
1,<environment.Job instance at 0x7f4f826bb550>,18,12,[7 4],19,63,75,44,48
1,<environment.Job instance at 0x7f4f826bbf50>,20,1,[7 3],21,75,76,54,51
1,<environment.Job instance at 0x7f4f826bb690>,22,14,[4 7],23,76,90,53,74
1,<environment.Job instance at 0x7f4f826bbc30>,23,16,[9 4],24,90,106,66,80
1,<environment.Job instance at 0x7f4f826baf00>,27,16,[ 3 10],28,106,122,78,103
1,<environment.Job instance at 0x7f4f826ba5f0>,28,18,[5 5],29,122,140,93,112
1,<environment.Job instance at 0x7f4f824b7140>,29,16,[5 5],30,122,138,92,118
1,<environment.Job instance at 0x7f4f824b7190>,32,13,[ 3 10],33,140,153,107,124
1,<environment.Job instance at 0x7f4f3ec82190>,36,14,[1 9],37,153,167,116,138
1,<environment.Job instance at 0x7f4f3e7ea140>,38,12,[2 6],39,167,179,128,156
1,<environment.Job instance at 0x7f4f3e834870>,40,1,[5 8],41,179,180,138,156
1,<environment.Job instance at 0x7f4f3e806a00>,42,2,[9 3],43,180,182,137,156
1,<environment.Job instance at 0x7f4f3e8062d0>,43,16,[8 3],44,182,198,138,169
1,<environment.Job instance at 0x7f4f824ba9b0>,48,1,[10  1],49,212,213,163,212
1,<environment.Job instance at 0x7f4f85040b40>,0,12,[7 1],1,3,15,2,3
1,<environment.Job instance at 0x7f4f3ebef140>,4,15,[6 2],5,15,30,10,5
1,<environment.Job instance at 0x7f4f3ec24cd0>,8,17,[3 5],9,11,28,2,11
1,<environment.Job instance at 0x7f4f827e1410>,11,1,[ 5 10],12,30,31,18,14
1,<environment.Job instance at 0x7f4f828ccaa0>,9,16,[3 9],10,35,51,25,35
1,<environment.Job instance at 0x7f4f8276c960>,4,16,[7 2],5,51,67,46,51
1,<environment.Job instance at 0x7f4f8276ceb0>,8,17,[3 6],9,77,94,68,77
1,<environment.Job instance at 0x7f4f82443050>,16,14,[10  2],17,99,113,82,99
1,<environment.Job instance at 0x7f4f82443be0>,11,14,[10  2],12,140,154,128,140
1,<environment.Job instance at 0x7f4f82443190>,20,18,[2 7],21,154,172,133,143
1,<environment.Job instance at 0x7f4f82443370>,22,12,[3 9],23,172,184,149,162
1,<environment.Job instance at 0x7f4f3ea81550>,25,18,[6 1],26,162,180,136,162
1,<environment.Job instance at 0x7f4f3ea81190>,26,15,[2 8],27,184,199,157,170
1,<environment.Job instance at 0x7f4f3ea81fa0>,28,12,[6 1],29,184,196,155,184
1,<environment.Job instance at 0x7f4f3ea81e60>,32,1,[7 4],33,199,200,166,191
1,<environment.Job instance at 0x7f4f3ea81780>,33,16,[1 7],34,200,216,166,191
1,<environment.Job instance at 0x7f4f3ea81690>,34,14,[2 7],35,216,230,181,201
1,<environment.Job instance at 0x7f4f3ea812d0>,36,15,[4 7],37,230,245,193,217
1,<environment.Job instance at 0x7f4f3ea815a0>,40,13,[8 2],41,245,258,204,229
1,<environment.Job instance at 0x7f4f826ba870>,8,13,[8 2],9,49,62,40,49
1,<environment.Job instance at 0x7f4f84a64aa0>,10,21,[9 1],11,62,83,51,62
1,<environment.Job instance at 0x7f4f84a64b90>,12,16,[1 7],13,91,107,78,91
1,<environment.Job instance at 0x7f4f84a63820>,4,17,[ 1 10],5,107,124,102,96
1,<environment.Job instance at 0x7f4f84a73af0>,3,15,[5 5],4,45,60,41,45
1,<environment.Job instance at 0x7f4f827b3a50>,8,17,[2 5],9,46,63,37,46
1,<environment.Job instance at 0x7f4f8518b550>,10,19,[1 9],11,63,82,52,56
1,<environment.Job instance at 0x7f4f82736050>,4,16,[ 2 10],5,82,98,77,70
1,<environment.Job instance at 0x7f4f3e5f28c0>,17,12,[10  1],18,98,110,80,94
1,<environment.Job instance at 0x7f4f3e5f2550>,14,12,[10  1],15,110,122,95,100
1,<environment.Job instance at 0x7f4f3e888f00>,22,12,[ 1 10],23,141,153,118,141
1,<environment.Job instance at 0x7f4f8234b5a0>,26,17,[3 6],27,153,170,126,141
1,<environment.Job instance at 0x7f4f3edf1d20>,3,16,[5 5],4,6,22,2,6
1,<environment.Job instance at 0x7f4f3edf1b90>,4,13,[4 6],5,22,35,17,8
1,<environment.Job instance at 0x7f4f3e5e0190>,11,18,[7 3],12,50,68,38,50
1,<environment.Job instance at 0x7f4f3e5e0410>,16,12,[8 1],17,74,86,57,74
1,<environment.Job instance at 0x7f4f3edf1dc0>,2,16,[3 9],3,86,102,83,74
1,<environment.Job instance at 0x7f4f3e5e0280>,17,14,[10  2],18,102,116,84,94
1,<environment.Job instance at 0x7f4f3edfb8c0>,25,15,[3 9],26,116,131,90,103
1,<environment.Job instance at 0x7f4f3edfb640>,28,12,[ 1 10],29,131,143,102,114
1,<environment.Job instance at 0x7f4f3e6bd5a0>,1,16,[2 7],2,4,20,2,4
1,<environment.Job instance at 0x7f4f3eec5b40>,3,16,[7 3],4,6,22,2,6
1,<environment.Job instance at 0x7f4f3e4807d0>,8,20,[9 3],9,22,42,13,14
1,<environment.Job instance at 0x7f4f850993c0>,12,17,[2 5],13,42,59,29,30
1,<environment.Job instance at 0x7f4f85099140>,14,12,[2 7],15,78,90,63,78
1,<environment.Job instance at 0x7f4f84a84820>,23,18,[1 7],24,90,108,66,80
1,<environment.Job instance at 0x7f4f85099af0>,24,16,[9 3],25,90,106,65,80
1,<environment.Job instance at 0x7f17ef2cb190>,0,17,[6 2],1,5,22,4,5
1,<environment.Job instance at 0x7f17e9ebc5a0>,7,12,[7 2],8,22,34,14,8
1,<environment.Job instance at 0x7f17e9ebc7d0>,9,17,[8 1],10,34,51,24,25
1,<environment.Job instance at 0x7f17e9ebc410>,6,19,[1 7],7,29,48,22,29
1,<environment.Job instance at 0x7f17e9ebca00>,15,20,[3 5],16,51,71,35,49
1,<environment.Job instance at 0x7f17e9ebc820>,10,14,[1 6],11,71,85,60,56
1,<environment.Job instance at 0x7f17e9ebcfa0>,23,18,[7 4],24,109,127,85,109
1,<environment.Job instance at 0x7f17e9ebd4b0>,28,2,[5 8],29,137,139,108,137
1,<environment.Job instance at 0x7f17e9ebd690>,30,15,[8 2],31,161,176,130,161
1,<environment.Job instance at 0x7f17e9ebd820>,32,14,[8 3],33,176,190,143,161
1,<environment.Job instance at 0x7f17e9ebda00>,36,16,[8 1],37,190,206,153,177
1,<environment.Job instance at 0x7f17e9ebdb40>,38,16,[1 5],39,177,193,138,177
1,<environment.Job instance at 0x7f17e9ebcbe0>,18,18,[3 6],19,206,224,187,203
1,<environment.Job instance at 0x7f17e9ec2140>,46,2,[ 1 10],47,230,232,183,230
1,<environment.Job instance at 0x7f17ef2f4320>,7,19,[8 1],8,9,28,1,9
1,<environment.Job instance at 0x7f17e9ec2230>,1,13,[7 2],2,28,41,26,13
1,<environment.Job instance at 0x7f17ef438d70>,12,2,[10  3],13,41,43,28,21
1,<environment.Job instance at 0x7f17ef438f00>,11,17,[2 7],12,43,60,31,40
1,<environment.Job instance at 0x7f17ef43ef00>,18,3,[9 5],19,60,63,41,45
1,<environment.Job instance at 0x7f17ef2f4910>,6,18,[ 2 10],7,63,81,56,59
1,<environment.Job instance at 0x7f17a4181640>,9,15,[6 2],10,11,26,1,11
1,<environment.Job instance at 0x7f17a4181230>,10,15,[6 2],11,32,47,21,32
1,<environment.Job instance at 0x7f17a41ae820>,14,13,[2 6],15,32,45,17,32
1,<environment.Job instance at 0x7f17a41ae910>,13,18,[5 5],14,47,65,33,36
1,<environment.Job instance at 0x7f17a41a6550>,19,14,[3 8],20,65,79,45,57
1,<environment.Job instance at 0x7f17a43eb3c0>,1,18,[10  5],2,79,97,77,69
1,<environment.Job instance at 0x7f17a41a6b90>,24,14,[ 4 10],25,97,111,72,82
1,<environment.Job instance at 0x7f17a466d910>,5,15,[3 5],6,6,21,0,6
1,<environment.Job instance at 0x7f17e9f557d0>,0,3,[5 4],1,3,6,2,3
1,<environment.Job instance at 0x7f17ee77ab90>,5,16,[6 2],6,11,27,5,11
1,<environment.Job instance at 0x7f17a45a9500>,9,16,[7 2],10,27,43,17,15
1,<environment.Job instance at 0x7f17a45a9640>,12,12,[2 7],13,32,44,19,32
1,<environment.Job instance at 0x7f17a45a95f0>,13,24,[2 7],14,44,68,30,39
1,<environment.Job instance at 0x7f17a466de10>,3,13,[5 7],4,68,81,64,58
1,<environment.Job instance at 0x7f17a45a9960>,16,18,[7 1],17,84,102,67,84
1,<environment.Job instance at 0x7f17a45a9d20>,22,2,[8 1],23,102,104,79,87
1,<environment.Job instance at 0x7f17a45a9c80>,21,15,[4 8],22,104,119,82,90
1,<environment.Job instance at 0x7f17a45ab0f0>,26,14,[5 3],27,119,133,92,109
1,<environment.Job instance at 0x7f17ea039190>,4,14,[3 6],5,23,37,18,23
1,<environment.Job instance at 0x7f17a45ab2d0>,1,17,[2 8],2,37,54,35,27
1,<environment.Job instance at 0x7f17ea039fa0>,8,16,[2 6],9,54,70,45,44
1,<environment.Job instance at 0x7f17ef2a10a0>,4,2,[2 8],5,6,8,1,6
1,<environment.Job instance at 0x7f17a46bed70>,7,14,[5 9],8,10,24,2,10
1,<environment.Job instance at 0x7f17e9f36050>,11,1,[5 7],12,2864,2865,2852,2864
1,<environment.Job instance at 0x7f17ea3d2050>,18,13,[7 1],19,2878,2891,2859,2878
1,<environment.Job instance at 0x7f17ea3d2640>,19,16,[2 6],20,2883,2899,2863,2883
1,<environment.Job instance at 0x7f17a4468d20>,20,14,[ 2 10],21,2899,2913,2878,2887
1,<environment.Job instance at 0x7f17a45ad410>,0,1,[1 6],1,51,52,50,51
1,<environment.Job instance at 0x7f17a47c57d0>,6,2,[4 9],7,72,74,65,72
1,<environment.Job instance at 0x7f17a47c5c80>,14,25,[ 3 10],15,74,99,59,74
1,<environment.Job instance at 0x7f17a47c5dc0>,16,16,[2 5],17,99,115,82,88
1,<environment.Job instance at 0x7f17a47c5960>,9,18,[6 2],10,99,117,89,88
1,<environment.Job instance at 0x7f17a47f33c0>,23,18,[5 7],24,118,136,94,118
1,<environment.Job instance at 0x7f17a47f3550>,27,16,[4 5],28,139,155,111,139
1,<environment.Job instance at 0x7f17a47f3500>,26,13,[1 9],27,155,168,128,139
1,<environment.Job instance at 0x7f17a47f3820>,31,17,[10  4],32,185,202,153,185
1,<environment.Job instance at 0x7f17a47f3960>,33,16,[8 4],34,202,218,168,189
1,<environment.Job instance at 0x7f17a47c5aa0>,11,18,[5 8],12,228,246,216,228
1,<environment.Job instance at 0x7f17a47f3b40>,36,15,[5 7],37,246,261,209,234
1,<environment.Job instance at 0x7f17a47f3be0>,4,3,[1 6],5,5,8,0,5
1,<environment.Job instance at 0x7f17a460e4b0>,8,12,[6 1],9,26,38,17,26
1,<environment.Job instance at 0x7f17a460eb40>,7,14,[7 5],8,38,52,30,26
1,<environment.Job instance at 0x7f17a4153eb0>,10,3,[5 1],11,52,55,41,26
1,<environment.Job instance at 0x7f17a460e960>,13,16,[5 1],14,52,68,38,40
1,<environment.Job instance at 0x7f17a46aecd0>,0,18,[3 6],1,55,73,54,47
1,<environment.Job instance at 0x7f17a45530f0>,20,12,[8 2],21,89,101,68,89
1,<environment.Job instance at 0x7f17a4553eb0>,2,13,[1 8],3,3,16,0,3
1,<environment.Job instance at 0x7f17e9fe58c0>,0,12,[3 6],1,16,28,15,5
1,<environment.Job instance at 0x7f17ea171140>,6,15,[6 1],7,9,24,2,9
1,<environment.Job instance at 0x7f17ea171960>,9,2,[8 4],10,28,30,18,10
1,<environment.Job instance at 0x7f17ea171280>,10,16,[5 1],11,30,46,19,18
1,<environment.Job instance at 0x7f17ea336d20>,12,2,[7 2],13,24,26,11,19
1,<environment.Job instance at 0x7f17ea171d20>,11,17,[3 7],12,30,47,18,19
1,<environment.Job instance at 0x7f17ea25e9b0>,15,2,[2 9],16,47,49,31,20
1,<environment.Job instance at 0x7f17ea25e0a0>,19,12,[10  3],20,49,61,29,34
1,<environment.Job instance at 0x7f17e9e56410>,21,15,[10  1],22,61,76,39,52
1,<environment.Job instance at 0x7f17ea301be0>,27,1,[4 9],28,76,77,48,75
1,<environment.Job instance at 0x7f17a45fcf00>,28,12,[3 5],29,77,89,48,76
1,<environment.Job instance at 0x7f17e9e45730>,31,17,[4 7],32,103,120,71,103
1,<environment.Job instance at 0x7f17ea1045a0>,2,18,[6 5],3,4,22,1,4
1,<environment.Job instance at 0x7f17a420f320>,8,15,[3 7],9,28,43,19,28
1,<environment.Job instance at 0x7f17a420f2d0>,7,12,[1 7],8,53,65,45,53
1,<environment.Job instance at 0x7f17a420f640>,13,14,[4 5],14,65,79,51,53
1,<environment.Job instance at 0x7f17a420f820>,16,14,[1 7],17,79,93,62,65
1,<environment.Job instance at 0x7f17a420fa00>,19,14,[5 7],20,93,107,73,78
1,<environment.Job instance at 0x7f17a420faa0>,20,15,[6 2],21,78,93,57,78
1,<environment.Job instance at 0x7f17a420fb90>,3,16,[7 2],4,5,21,1,5
1,<environment.Job instance at 0x7f17e9d90dc0>,8,2,[1 6],9,9,11,0,9
1,<environment.Job instance at 0x7f17a4064eb0>,0,16,[6 2],1,21,37,20,9
1,<environment.Job instance at 0x7f17e9d903c0>,12,3,[2 6],13,25,28,12,25
1,<environment.Job instance at 0x7f17e9d90af0>,10,12,[5 1],11,37,49,26,25
1,<environment.Job instance at 0x7f17a4272b90>,13,19,[2 8],14,28,47,14,25
1,<environment.Job instance at 0x7f17a42729b0>,17,12,[ 5 10],18,49,61,31,47
1,<environment.Job instance at 0x7f17a42721e0>,21,15,[10  3],22,61,76,39,52
1,<environment.Job instance at 0x7f17a42724b0>,23,14,[7 5],24,76,90,52,67
1,<environment.Job instance at 0x7f17ee8cacd0>,27,12,[6 4],28,92,104,64,92
1,<environment.Job instance at 0x7f17ee8caeb0>,29,14,[ 3 10],30,105,119,75,105
1,<environment.Job instance at 0x7f17ee8ca8c0>,32,14,[4 7],33,119,133,86,117
1,<environment.Job instance at 0x7f17ee8cae60>,37,16,[ 3 10],38,162,178,124,162
1,<environment.Job instance at 0x7f17a4373910>,40,17,[ 3 10],41,178,195,137,166
1,<environment.Job instance at 0x7f17a4373c80>,43,18,[1 5],44,195,213,151,184
1,<environment.Job instance at 0x7f17a4373af0>,44,18,[9 5],45,195,213,150,186
1,<environment.Job instance at 0x7f17a4373d70>,48,12,[2 6],49,213,225,164,198
1,<environment.Job instance at 0x7f17ee8608c0>,4,15,[6 2],5,6,21,1,6
1,<environment.Job instance at 0x7f17ee8602d0>,8,17,[3 5],9,9,26,0,9
1,<environment.Job instance at 0x7f17ee860230>,9,16,[3 9],10,26,42,16,15
1,<environment.Job instance at 0x7f17ee860730>,11,1,[ 5 10],12,42,43,30,15
1,<environment.Job instance at 0x7f17ee860190>,1,18,[8 3],2,43,61,41,32
1,<environment.Job instance at 0x7f17ea007820>,3,20,[1 8],4,8,28,4,8
1,<environment.Job instance at 0x7f17e9d0bfa0>,10,18,[2 7],11,28,46,17,19
1,<environment.Job instance at 0x7f17e9d0baf0>,12,12,[3 9],13,46,58,33,41
1,<environment.Job instance at 0x7f17e9ceba50>,16,15,[2 8],17,58,73,41,44
1,<environment.Job instance at 0x7f17e9ceb690>,22,1,[7 4],23,87,88,64,87
1,<environment.Job instance at 0x7f17e9ceb780>,21,16,[10  5],22,88,104,66,87
1,<environment.Job instance at 0x7f17e9d19190>,26,15,[4 7],27,108,123,81,108
1,<environment.Job instance at 0x7f17eecb9d20>,30,13,[8 2],31,131,144,100,131
1,<environment.Job instance at 0x7f17e9d17870>,28,16,[5 1],29,227,243,198,227
1,<environment.Job instance at 0x7f17ee8ba410>,41,19,[2 9],42,227,246,185,227
1,<environment.Job instance at 0x7f17ea102690>,44,18,[2 7],45,246,264,201,235
1,<environment.Job instance at 0x7f17ea102870>,48,14,[ 4 10],49,264,278,215,250
1,<environment.Job instance at 0x7f17eea26500>,2,18,[9 5],3,4,22,1,4
1,<environment.Job instance at 0x7f17e9cdedc0>,6,16,[1 9],7,55,71,48,55
1,<environment.Job instance at 0x7f17eeb3e2d0>,17,1,[2 5],18,79,80,61,79
1,<environment.Job instance at 0x7f17eeb3e4b0>,20,3,[5 6],21,86,89,65,86
1,<environment.Job instance at 0x7f17ee6c0320>,22,15,[5 8],23,110,125,87,110
1,<environment.Job instance at 0x7f17ea3af320>,26,13,[1 5],27,137,150,110,137
1,<environment.Job instance at 0x7f17a44e1dc0>,29,15,[4 5],30,138,153,108,138
1,<environment.Job instance at 0x7f17e9d255f0>,31,17,[3 5],32,150,167,118,138
1,<environment.Job instance at 0x7f17a471e3c0>,34,15,[4 5],35,153,168,118,144
1,<environment.Job instance at 0x7f17eea1ebe0>,4,12,[4 6],5,7,19,2,7
1,<environment.Job instance at 0x7f17e9d03f00>,5,13,[2 6],6,19,32,13,8
1,<environment.Job instance at 0x7f17e9d03640>,6,13,[10  4],7,32,45,25,23
1,<environment.Job instance at 0x7f17e9d03aa0>,14,13,[3 9],15,75,88,60,75
1,<environment.Job instance at 0x7f17e9d032d0>,19,2,[5 1],20,121,123,101,121
1,<environment.Job instance at 0x7f17e9d032d0>,3,13,[4 5],4,5,18,1,5
1,<environment.Job instance at 0x7f17ea3adf00>,0,16,[2 8],1,23,39,22,23
1,<environment.Job instance at 0x7f17ee876c30>,11,2,[7 4],12,39,41,27,23
1,<environment.Job instance at 0x7f17ee876c80>,12,2,[4 6],13,41,43,28,23
1,<environment.Job instance at 0x7f17ee876d20>,15,15,[1 6],16,43,58,27,37
1,<environment.Job instance at 0x7f17ee75e730>,6,12,[1 6],7,29,41,22,29
1,<environment.Job instance at 0x7f17e9fa1280>,0,12,[4 7],1,41,53,40,29
1,<environment.Job instance at 0x7f17ee6e8f50>,8,14,[8 4],9,53,67,44,53
1,<environment.Job instance at 0x7f17ea049cd0>,12,2,[3 6],13,77,79,64,77
1,<environment.Job instance at 0x7f17ee8a6320>,14,15,[9 2],15,104,119,89,104
1,<environment.Job instance at 0x7f17e9c4cd70>,1,17,[9 4],2,119,136,117,108
1,<environment.Job instance at 0x7f17a4234410>,20,3,[10  4],21,144,147,123,144
1,<environment.Job instance at 0x7f17a472baa0>,1,16,[8 3],2,36,52,34,36
1,<environment.Job instance at 0x7f17a3e82690>,9,19,[8 3],10,52,71,42,42
1,<environment.Job instance at 0x7f17a3e82370>,6,14,[ 1 10],7,71,85,64,58
1,<environment.Job instance at 0x7f17a3f17870>,15,16,[7 2],16,85,101,69,72
1,<environment.Job instance at 0x7f17a3f17050>,16,12,[3 8],17,85,97,68,72
1,<environment.Job instance at 0x7f17a3f171e0>,18,14,[8 5],19,101,115,82,86
1,<environment.Job instance at 0x7f17a3e82320>,7,16,[1 8],8,115,131,107,105
1,<environment.Job instance at 0x7f17a3f17d70>,21,16,[1 6],22,131,147,109,125
1,<environment.Job instance at 0x7f17a3f17d20>,22,14,[1 8],23,147,161,124,133
1,<environment.Job instance at 0x7f17a3f17500>,23,15,[7 2],24,138,153,114,138
1,<environment.Job instance at 0x7f17a3f17230>,24,15,[10  1],25,161,176,136,149
1,<environment.Job instance at 0x7f17a3f170a0>,25,17,[8 5],26,176,193,150,168
1,<environment.Job instance at 0x7f17a3f17190>,26,14,[10  2],27,193,207,166,179
1,<environment.Job instance at 0x7f17a3f17640>,30,17,[ 4 10],31,207,224,176,196
1,<environment.Job instance at 0x7f17e9da8320>,2,16,[5 6],3,3,19,0,3
1,<environment.Job instance at 0x7f17a3f17640>,4,13,[8 2],5,19,32,14,7
1,<environment.Job instance at 0x7f17ee82d140>,7,16,[4 6],8,32,48,24,19
1,<environment.Job instance at 0x7f17ee859870>,8,15,[5 1],9,32,47,23,19
1,<environment.Job instance at 0x7f17a46a5eb0>,13,15,[10  4],14,48,63,34,34
1,<environment.Job instance at 0x7f32bbc90370>,1,15,[4 5],2,4,19,2,4
1,<environment.Job instance at 0x7f32bbc90280>,0,17,[6 2],1,7,24,6,7
1,<environment.Job instance at 0x7f32b68805a0>,7,12,[7 2],8,43,55,35,43
1,<environment.Job instance at 0x7f32b6880640>,9,17,[8 1],10,55,72,45,43
1,<environment.Job instance at 0x7f32b6880960>,13,15,[4 5],14,84,99,70,84
1,<environment.Job instance at 0x7f32b6880f50>,22,3,[4 6],23,147,150,124,147
1,<environment.Job instance at 0x7f32b6881050>,25,16,[5 3],26,153,169,127,153
1,<environment.Job instance at 0x7f32b6881230>,28,2,[5 8],29,172,174,143,172
1,<environment.Job instance at 0x7f32b6881370>,30,15,[8 2],31,196,211,165,196
1,<environment.Job instance at 0x7f32b6881410>,31,13,[4 5],32,211,224,179,196
1,<environment.Job instance at 0x7f32b6881690>,35,3,[9 5],36,224,227,188,202
1,<environment.Job instance at 0x7f32b6881730>,36,16,[8 1],37,227,243,190,214
1,<environment.Job instance at 0x7f32b68817d0>,37,15,[2 5],38,227,242,189,214
1,<environment.Job instance at 0x7f32b6881a50>,41,3,[6 3],42,219,222,177,219
1,<environment.Job instance at 0x7f32b68819b0>,40,17,[ 3 10],41,243,260,202,232
1,<environment.Job instance at 0x7f32bbc90190>,2,18,[ 3 10],3,260,278,257,255
1,<environment.Job instance at 0x7f32bbdf6d70>,7,17,[7 4],8,8,25,0,8
1,<environment.Job instance at 0x7f32bbdf6e60>,8,3,[9 5],9,25,28,16,9
1,<environment.Job instance at 0x7f3270bb5500>,2,16,[3 9],3,5,21,2,5
1,<environment.Job instance at 0x7f32bbdf6050>,4,14,[ 4 10],5,21,35,16,8
1,<environment.Job instance at 0x7f3270c3c140>,2,16,[7 4],3,46,62,43,46
1,<environment.Job instance at 0x7f3270c1d230>,5,16,[7 4],6,70,86,64,70
1,<environment.Job instance at 0x7f32711b0b40>,10,17,[2 6],11,70,87,59,70
1,<environment.Job instance at 0x7f32711b00a0>,12,17,[8 5],13,87,104,74,75
1,<environment.Job instance at 0x7f32711b0050>,6,18,[3 9],7,104,122,97,93
1,<environment.Job instance at 0x7f32711b0c30>,17,3,[8 3],18,122,125,104,96
1,<environment.Job instance at 0x7f32711b04b0>,18,17,[1 7],19,122,139,103,110
1,<environment.Job instance at 0x7f32711b0be0>,20,12,[6 2],21,125,137,104,111
1,<environment.Job instance at 0x7f3270f85960>,7,14,[5 8],8,9,23,1,9
1,<environment.Job instance at 0x7f3270f85c30>,11,13,[1 7],12,56,69,44,56
1,<environment.Job instance at 0x7f32711b0640>,3,14,[ 3 10],4,69,83,65,56
1,<environment.Job instance at 0x7f3270f85e10>,13,13,[ 4 10],14,83,96,69,67
1,<environment.Job instance at 0x7f3270f79370>,21,12,[4 7],22,107,119,85,107
1,<environment.Job instance at 0x7f32bbcb3dc0>,4,12,[ 1 10],5,5,17,0,5
1,<environment.Job instance at 0x7f32bbcb3640>,6,14,[9 5],7,27,41,20,27
1,<environment.Job instance at 0x7f32bbcb3f00>,9,17,[2 8],10,41,58,31,29
1,<environment.Job instance at 0x7f32bbcb3780>,14,18,[6 3],15,58,76,43,47
1,<environment.Job instance at 0x7f32b7432550>,16,12,[4 7],17,58,70,41,50
1,<environment.Job instance at 0x7f32b7432780>,19,3,[3 5],20,70,73,50,59
1,<environment.Job instance at 0x7f32b74325f0>,20,16,[2 7],21,73,89,52,60
1,<environment.Job instance at 0x7f32b6d87dc0>,24,2,[2 8],25,725,727,700,725
1,<environment.Job instance at 0x7f3270b2eaa0>,16,2,[4 9],17,72,74,55,72
1,<environment.Job instance at 0x7f3270b468c0>,8,2,[7 2],9,121,123,112,121
1,<environment.Job instance at 0x7f32b67fc820>,19,18,[6 2],20,123,141,103,121
1,<environment.Job instance at 0x7f3270c00aa0>,25,15,[6 5],26,160,175,134,160
1,<environment.Job instance at 0x7f32b66fe780>,28,17,[7 3],29,175,192,146,163
1,<environment.Job instance at 0x7f32b7012fa0>,21,18,[5 8],22,192,210,170,189
1,<environment.Job instance at 0x7f3270bb5be0>,33,18,[5 7],34,210,228,176,210
1,<environment.Job instance at 0x7f32b6d41460>,43,16,[8 4],44,256,272,212,256
1,<environment.Job instance at 0x7f32b73afeb0>,37,16,[4 5],38,272,288,234,260
1,<environment.Job instance at 0x7f32b6d41eb0>,4,3,[1 6],5,5,8,0,5
1,<environment.Job instance at 0x7f32709e8d70>,7,14,[7 5],8,26,40,18,26
1,<environment.Job instance at 0x7f32709eb0a0>,8,12,[6 1],9,40,52,31,26
1,<environment.Job instance at 0x7f32709eb1e0>,10,3,[5 1],11,52,55,41,26
1,<environment.Job instance at 0x7f32b7102b40>,0,18,[3 6],1,40,58,39,29
1,<environment.Job instance at 0x7f32709eb140>,9,13,[ 3 10],10,58,71,48,43
1,<environment.Job instance at 0x7f32b675ff50>,2,2,[7 2],3,3,5,0,3
1,<environment.Job instance at 0x7f32b675f460>,5,2,[2 9],6,6,8,0,6
1,<environment.Job instance at 0x7f32b675fc30>,0,16,[5 1],1,6,22,5,6
1,<environment.Job instance at 0x7f32b675f190>,7,1,[8 1],8,22,23,14,8
1,<environment.Job instance at 0x7f32b675fa50>,1,17,[3 7],2,23,40,21,16
1,<environment.Job instance at 0x7f32b675fd20>,9,12,[10  3],10,40,52,30,23
1,<environment.Job instance at 0x7f3270b60dc0>,18,12,[3 5],19,52,64,33,41
1,<environment.Job instance at 0x7f32b67d02d0>,21,17,[4 7],22,64,81,42,63
1,<environment.Job instance at 0x7f32b6f9ea00>,25,15,[10  1],26,81,96,55,68
1,<environment.Job instance at 0x7f3270f45eb0>,26,13,[7 5],27,96,109,69,80
1,<environment.Job instance at 0x7f3270e41af0>,29,14,[1 7],30,109,123,79,96
1,<environment.Job instance at 0x7f3270acc190>,30,13,[ 2 10],31,123,136,92,108
1,<environment.Job instance at 0x7f32b713d050>,8,16,[6 5],9,10,26,1,10
1,<environment.Job instance at 0x7f32b713d960>,10,12,[6 4],11,26,38,15,11
1,<environment.Job instance at 0x7f3270efffa0>,14,15,[5 3],15,54,69,39,54
1,<environment.Job instance at 0x7f32711276e0>,18,15,[5 5],19,80,95,61,80
1,<environment.Job instance at 0x7f32b72cb5f0>,19,12,[9 1],20,95,107,75,80
1,<environment.Job instance at 0x7f32b6f372d0>,23,20,[3 8],24,107,127,83,104
1,<environment.Job instance at 0x7f32b72cb8c0>,17,17,[ 2 10],18,127,144,109,118
1,<environment.Job instance at 0x7f3270d9ce60>,0,1,[7 3],1,1,2,0,1
1,<environment.Job instance at 0x7f3270f227d0>,8,18,[5 5],9,24,42,15,24
1,<environment.Job instance at 0x7f3270f22870>,9,16,[5 5],10,25,41,15,25
1,<environment.Job instance at 0x7f3270ec60f0>,2,14,[4 7],3,42,56,39,27
1,<environment.Job instance at 0x7f3270f225a0>,7,16,[ 3 10],8,56,72,48,43
1,<environment.Job instance at 0x7f3270f22e10>,18,12,[2 6],19,72,84,53,61
1,<environment.Job instance at 0x7f3270f22820>,20,1,[5 8],21,84,85,63,63
1,<environment.Job instance at 0x7f3270f22cd0>,16,14,[1 9],17,85,99,68,70
1,<environment.Job instance at 0x7f3270f070f0>,22,2,[9 3],23,99,101,76,72
1,<environment.Job instance at 0x7f3270f22f50>,21,13,[5 5],22,101,114,79,86
1,<environment.Job instance at 0x7f3270f07870>,28,1,[10  1],29,114,115,85,102
1,<environment.Job instance at 0x7f3270f07410>,24,16,[5 4],25,115,131,90,102
1,<environment.Job instance at 0x7f3270f071e0>,31,2,[5 9],32,131,133,99,104
1,<environment.Job instance at 0x7f3270f079b0>,34,14,[5 1],35,158,172,123,158
1,<environment.Job instance at 0x7f3270f07be0>,37,18,[4 7],38,167,185,129,167
1,<environment.Job instance at 0x7f3270f07f00>,39,14,[9 1],40,185,199,145,171
1,<environment.Job instance at 0x7f3270f07d70>,40,12,[7 1],41,199,211,158,183
1,<environment.Job instance at 0x7f3270efd230>,2,13,[8 2],3,6,19,3,6
1,<environment.Job instance at 0x7f3270efdb40>,6,16,[ 2 10],7,19,35,12,8
1,<environment.Job instance at 0x7f3270efd0f0>,8,14,[5 9],9,44,58,35,44
1,<environment.Job instance at 0x7f32b6bd62d0>,24,16,[7 2],25,126,142,101,126
1,<environment.Job instance at 0x7f32b75702d0>,8,13,[8 2],9,54,67,45,54
1,<environment.Job instance at 0x7f32b7570320>,10,21,[9 1],11,67,88,56,60
1,<environment.Job instance at 0x7f327116dfa0>,12,16,[1 7],13,74,90,61,74
1,<environment.Job instance at 0x7f32b75709b0>,4,17,[ 1 10],5,97,114,92,97
1,<environment.Job instance at 0x7f327116ddc0>,14,18,[1 6],15,114,132,99,103
1,<environment.Job instance at 0x7f32b6ae8aa0>,2,12,[ 1 10],3,5,17,2,5
1,<environment.Job instance at 0x7f32b6ae8320>,5,17,[2 5],6,17,34,11,7
1,<environment.Job instance at 0x7f327116d690>,3,13,[4 5],4,4,17,0,4
1,<environment.Job instance at 0x7f32b72b4c80>,0,16,[2 8],1,17,33,16,6
1,<environment.Job instance at 0x7f32b6c9b960>,12,2,[4 6],13,33,35,20,21
1,<environment.Job instance at 0x7f3270e94460>,15,15,[1 6],16,40,55,24,40
1,<environment.Job instance at 0x7f32b68d6c80>,4,15,[9 2],5,13,28,8,13
1,<environment.Job instance at 0x7f32b7406af0>,10,3,[10  4],11,65,68,54,65
1,<environment.Job instance at 0x7f3270e65640>,1,16,[1 6],2,6,22,4,6
1,<environment.Job instance at 0x7f32b687cb90>,5,17,[8 5],6,22,39,16,10
1,<environment.Job instance at 0x7f32b687fdc0>,14,14,[6 5],15,55,69,40,55
1,<environment.Job instance at 0x7f32b687f820>,18,12,[2 6],19,69,81,50,55
1,<environment.Job instance at 0x7f32b687f730>,20,1,[3 9],21,81,82,60,71
1,<environment.Job instance at 0x7f32b687f9b0>,22,18,[2 5],23,82,100,59,77
1,<environment.Job instance at 0x7f32b68881e0>,24,25,[5 4],25,82,107,57,80
1,<environment.Job instance at 0x7f32b6888280>,27,18,[3 9],28,125,143,97,125
1,<environment.Job instance at 0x7f3270bbb730>,5,12,[2 9],6,52,64,46,52
1,<environment.Job instance at 0x7f32b6d2ab90>,11,14,[1 7],12,64,78,52,57
1,<environment.Job instance at 0x7f32b69fda50>,13,18,[1 9],14,78,96,64,67
1,<environment.Job instance at 0x7f3271145960>,6,15,[9 3],7,7,22,0,7
1,<environment.Job instance at 0x7f3271145dc0>,4,13,[10  4],5,22,35,17,9
1,<environment.Job instance at 0x7f32708de690>,15,2,[3 5],16,86,88,70,86
1,<environment.Job instance at 0x7f32708de3c0>,16,12,[3 5],17,87,99,70,87
1,<environment.Job instance at 0x7f3271145f00>,8,14,[ 4 10],9,99,113,90,89
1,<environment.Job instance at 0x7f32708de370>,21,16,[4 9],22,113,129,91,112
1,<environment.Job instance at 0x7f32708de460>,23,14,[5 4],24,129,143,105,115
1,<environment.Job instance at 0x7f32708deeb0>,25,2,[7 5],26,143,145,117,116
1,<environment.Job instance at 0x7f32b6d1ea50>,26,17,[ 2 10],27,185,202,158,185
1,<environment.Job instance at 0x7f3270e545a0>,9,1,[4 9],10,48,49,38,48
1,<environment.Job instance at 0x7f32b6bebd20>,13,15,[ 4 10],14,50,65,36,50
1,<environment.Job instance at 0x7f32b6bebc30>,14,17,[4 9],15,65,82,50,53
1,<environment.Job instance at 0x7f3270e54a00>,5,17,[10  4],6,82,99,76,76
1,<environment.Job instance at 0x7f32b6beb0f0>,18,3,[6 5],19,99,102,80,76
1,<environment.Job instance at 0x7f32b6bebf50>,20,18,[9 1],21,102,120,81,92
1,<environment.Job instance at 0x7f32711280f0>,23,12,[5 4],24,135,147,111,135
1,<environment.Job instance at 0x7f32711288c0>,25,13,[8 3],26,160,173,134,160
1,<environment.Job instance at 0x7f32b6bebdc0>,21,15,[3 9],22,173,188,151,160
1,<environment.Job instance at 0x7f32b6a89dc0>,30,15,[10  1],31,206,221,175,206
1,<environment.Job instance at 0x7fc8d38f09b0>,3,13,[3 8],4,6,19,2,6
1,<environment.Job instance at 0x7fc8d38ad230>,7,12,[7 2],8,24,36,16,24
1,<environment.Job instance at 0x7fc8d049d820>,10,14,[1 6],11,24,38,13,24
1,<environment.Job instance at 0x7fc8d049d8c0>,13,15,[4 5],14,38,53,24,24
1,<environment.Job instance at 0x7fc8d049da00>,15,20,[3 5],16,46,66,30,46
1,<environment.Job instance at 0x7fc8d049dbe0>,18,18,[3 6],19,66,84,47,55
1,<environment.Job instance at 0x7fc8d049dfa0>,23,18,[7 4],24,109,127,85,109
1,<environment.Job instance at 0x7fc8d049e640>,30,15,[8 2],31,154,169,123,154
1,<environment.Job instance at 0x7fc8d049e780>,32,14,[8 3],33,169,183,136,156
1,<environment.Job instance at 0x7fc8d049df00>,22,3,[4 6],23,183,186,160,169
1,<environment.Job instance at 0x7fc8d049e960>,35,3,[9 5],36,186,189,150,173
1,<environment.Job instance at 0x7fc8d049eaa0>,37,15,[2 5],38,189,204,151,175
1,<environment.Job instance at 0x7fc8d049eb40>,38,16,[1 5],39,186,202,147,175
1,<environment.Job instance at 0x7fc8d049ec80>,40,17,[ 3 10],41,204,221,163,192
1,<environment.Job instance at 0x7fc8d04a3410>,46,2,[ 1 10],47,229,231,182,229
1,<environment.Job instance at 0x7fc8d04b02d0>,2,3,[2 8],3,3,6,0,3
1,<environment.Job instance at 0x7fc8d04b0320>,0,15,[5 5],1,6,21,5,3
1,<environment.Job instance at 0x7fc8d3a1ad70>,8,2,[10  4],9,24,26,15,24
1,<environment.Job instance at 0x7fc8d3a1ae10>,7,12,[5 8],8,46,58,38,46
1,<environment.Job instance at 0x7fc8d3a1a5f0>,9,14,[6 1],10,58,72,48,46
1,<environment.Job instance at 0x7fc8d3a1a910>,13,17,[ 2 10],14,72,89,58,65
1,<environment.Job instance at 0x7fc8d3895780>,16,16,[7 3],17,89,105,72,76
1,<environment.Job instance at 0x7fc8d3a1ad20>,18,15,[9 4],19,105,120,86,91
1,<environment.Job instance at 0x7fc888879280>,1,13,[ 4 10],2,3,16,1,3
1,<environment.Job instance at 0x7fc888879320>,7,22,[1 7],8,16,38,8,11
1,<environment.Job instance at 0x7fc888879410>,2,14,[4 7],3,38,52,35,34
1,<environment.Job instance at 0x7fc888879500>,13,2,[ 1 10],14,52,54,38,35
1,<environment.Job instance at 0x7fc888879be0>,16,14,[8 4],17,54,68,37,50
1,<environment.Job instance at 0x7fc888860eb0>,18,17,[10  5],19,68,85,49,56
1,<environment.Job instance at 0x7fc888879f50>,15,18,[8 2],16,85,103,69,76
1,<environment.Job instance at 0x7fc8888601e0>,23,16,[10  3],24,103,119,79,99
1,<environment.Job instance at 0x7fc8d3a26050>,14,2,[10  1],15,70,72,55,70
1,<environment.Job instance at 0x7fc8d3a267d0>,15,16,[6 2],16,72,88,56,70
1,<environment.Job instance at 0x7fc8d3a26910>,4,16,[8 5],5,123,139,118,123
1,<environment.Job instance at 0x7fc888c243c0>,19,16,[7 2],20,139,155,119,126
1,<environment.Job instance at 0x7fc888c24280>,20,13,[9 1],21,155,168,134,143
1,<environment.Job instance at 0x7fc888c24190>,22,12,[2 7],23,168,180,145,167
1,<environment.Job instance at 0x7fc888c240f0>,26,18,[7 1],27,169,187,142,169
1,<environment.Job instance at 0x7fc8d3a26820>,6,18,[4 9],7,187,205,180,176
1,<environment.Job instance at 0x7fc888b92dc0>,6,3,[5 9],7,28,31,21,28
1,<environment.Job instance at 0x7fc888b92fa0>,7,15,[1 9],8,31,46,23,28
1,<environment.Job instance at 0x7fc888b98320>,13,17,[7 1],14,51,68,37,51
1,<environment.Job instance at 0x7fc888b983c0>,14,18,[3 8],15,54,72,39,54
1,<environment.Job instance at 0x7fc888b986e0>,19,15,[4 9],20,96,111,76,96
1,<environment.Job instance at 0x7fc888b98a50>,21,14,[3 6],22,120,134,98,120
1,<environment.Job instance at 0x7fc888b98aa0>,22,3,[9 2],23,134,137,111,120
1,<environment.Job instance at 0x7fc888b98b40>,23,18,[4 8],24,137,155,113,128
1,<environment.Job instance at 0x7fc888b98fa0>,28,18,[ 3 10],29,176,194,147,176
1,<environment.Job instance at 0x7fc888b95320>,4,12,[3 5],5,6,18,1,6
1,<environment.Job instance at 0x7fc888a4bcd0>,9,19,[6 4],10,58,77,48,58
1,<environment.Job instance at 0x7fc888a4b820>,11,14,[3 5],12,80,94,68,80
1,<environment.Job instance at 0x7fc888a4beb0>,13,14,[8 1],14,94,108,80,80
1,<environment.Job instance at 0x7fc888a4ba50>,14,12,[ 1 10],15,108,120,93,93
1,<environment.Job instance at 0x7fc888a4b7d0>,16,14,[ 2 10],17,120,134,103,108
1,<environment.Job instance at 0x7fc888a4bb90>,19,15,[ 5 10],20,134,149,114,121
1,<environment.Job instance at 0x7fc888a4b6e0>,8,18,[10  3],9,161,179,152,161
1,<environment.Job instance at 0x7fc8d0bd2960>,5,15,[7 2],6,6,21,0,6
1,<environment.Job instance at 0x7fc888739a50>,6,12,[7 4],7,21,33,14,7
1,<environment.Job instance at 0x7fc8d087bb40>,9,15,[2 6],10,10,25,0,10
1,<environment.Job instance at 0x7fc8d087bdc0>,11,12,[ 5 10],12,33,45,21,17
1,<environment.Job instance at 0x7fc8d0324b90>,14,14,[1 8],15,45,59,30,36
1,<environment.Job instance at 0x7fc8d0a2d910>,16,17,[ 4 10],17,73,90,56,73
1,<environment.Job instance at 0x7fc8d0f65500>,19,16,[2 6],20,493,509,473,493
1,<environment.Job instance at 0x7fc8d03d0cd0>,21,14,[6 4],22,493,507,471,493
1,<environment.Job instance at 0x7fc8887ba370>,6,15,[6 1],7,7,22,0,7
1,<environment.Job instance at 0x7fc8d0ba5d70>,0,12,[3 6],1,7,19,6,7
1,<environment.Job instance at 0x7fc8d0f65050>,2,13,[1 8],3,19,32,16,9
1,<environment.Job instance at 0x7fc8887ba780>,10,16,[5 1],11,22,38,11,12
1,<environment.Job instance at 0x7fc8887ba960>,12,2,[7 2],13,38,40,25,13
1,<environment.Job instance at 0x7fc8887ba820>,11,17,[3 7],12,32,49,20,20
1,<environment.Job instance at 0x7fc8887bad70>,19,12,[10  3],20,49,61,29,37
1,<environment.Job instance at 0x7fc8887bafa0>,20,14,[5 4],21,61,75,40,46
1,<environment.Job instance at 0x7fc8887b2550>,24,17,[2 6],25,61,78,36,59
1,<environment.Job instance at 0x7fc8887b2730>,28,12,[3 5],29,81,93,52,81
1,<environment.Job instance at 0x7fc8887b25a0>,31,17,[4 7],32,104,121,72,104
1,<environment.Job instance at 0x7fc8886d34b0>,8,16,[6 5],9,10,26,1,10
1,<environment.Job instance at 0x7fc888ad8050>,10,12,[6 4],11,26,38,15,11
1,<environment.Job instance at 0x7fc888ad8e10>,14,15,[5 3],15,53,68,38,53
1,<environment.Job instance at 0x7fc8887ce1e0>,17,17,[ 2 10],18,78,95,60,78
1,<environment.Job instance at 0x7fc888c60190>,21,13,[4 7],22,95,108,73,79
1,<environment.Job instance at 0x7fc888ad89b0>,7,15,[1 7],8,124,139,116,124
1,<environment.Job instance at 0x7fc8d0733690>,2,13,[ 3 10],3,3,16,0,3
1,<environment.Job instance at 0x7fc888b44d70>,3,18,[1 5],4,16,34,12,7
1,<environment.Job instance at 0x7fc8d0354c80>,4,18,[9 5],5,16,34,11,8
1,<environment.Job instance at 0x7fc8d0b3b6e0>,11,13,[5 5],12,34,47,22,19
1,<environment.Job instance at 0x7fc8d0968230>,14,16,[5 4],15,34,50,19,30
1,<environment.Job instance at 0x7fc8d0968dc0>,18,1,[10  1],19,50,51,31,45
1,<environment.Job instance at 0x7fc8d029b280>,20,18,[5 5],21,51,69,30,45
1,<environment.Job instance at 0x7fc8d0968b90>,21,2,[5 9],22,69,71,47,45
1,<environment.Job instance at 0x7fc8d0968910>,13,16,[8 3],14,101,117,87,101
1,<environment.Job instance at 0x7fc888d4c5a0>,28,18,[7 1],29,117,135,88,108
1,<environment.Job instance at 0x7fc8d0327c80>,31,18,[8 3],32,135,153,103,125
1,<environment.Job instance at 0x7fc8d0b31cd0>,8,17,[3 6],9,53,70,44,53
1,<environment.Job instance at 0x7fc888acbdc0>,4,16,[7 2],5,57,73,52,57
1,<environment.Job instance at 0x7fc8d0b2d190>,15,13,[7 4],16,98,111,82,98
1,<environment.Job instance at 0x7fc8d0b2d730>,24,16,[4 8],25,181,197,156,181
1,<environment.Job instance at 0x7fc8d0b2daf0>,25,18,[6 1],26,181,199,155,181
1,<environment.Job instance at 0x7fc8d0b2d5f0>,22,12,[3 9],23,197,209,174,183
1,<environment.Job instance at 0x7fc8d0b2dc80>,28,12,[6 1],29,206,218,177,206
1,<environment.Job instance at 0x7fc8d0b2de60>,31,16,[10  5],32,218,234,186,206
1,<environment.Job instance at 0x7fc8d0b2da00>,35,18,[2 7],36,234,252,198,223
1,<environment.Job instance at 0x7fc8d0b4e320>,38,16,[5 1],39,234,250,195,226
1,<environment.Job instance at 0x7fc8d0b4e3c0>,39,16,[9 4],40,252,268,212,240
1,<environment.Job instance at 0x7fc8d0d54d20>,7,1,[2 5],8,24,25,16,24
1,<environment.Job instance at 0x7fc8d0d542d0>,10,3,[5 6],11,37,40,26,37
1,<environment.Job instance at 0x7fc8d0d54190>,12,15,[5 8],13,48,63,35,48
1,<environment.Job instance at 0x7fc8d094ea00>,16,13,[1 5],17,98,111,81,98
1,<environment.Job instance at 0x7fc8d094e0f0>,19,15,[4 5],20,98,113,78,98
1,<environment.Job instance at 0x7fc8d094e4b0>,21,17,[3 5],22,111,128,89,101
1,<environment.Job instance at 0x7fc8d094e280>,23,15,[5 8],24,128,143,104,116
1,<environment.Job instance at 0x7fc888a69f50>,27,15,[7 4],28,143,158,115,129
1,<environment.Job instance at 0x7fc888a698c0>,2,16,[3 9],3,6,22,3,6
1,<environment.Job instance at 0x7fc88865d730>,4,13,[4 6],5,22,35,17,9
1,<environment.Job instance at 0x7fc88865d1e0>,11,18,[7 3],12,50,68,38,50
1,<environment.Job instance at 0x7fc8886d8a00>,14,19,[5 5],15,74,93,59,74
1,<environment.Job instance at 0x7fc8d02b7b40>,20,14,[4 9],21,93,107,72,78
1,<environment.Job instance at 0x7fc8d0f34050>,27,18,[8 5],28,312,330,284,312
1,<environment.Job instance at 0x7fc8d0f34320>,28,12,[ 1 10],29,330,342,301,313
1,<environment.Job instance at 0x7fc888c138c0>,5,2,[5 7],6,7,9,1,7
1,<environment.Job instance at 0x7fc888c13b90>,9,12,[10  4],10,53,65,43,53
1,<environment.Job instance at 0x7fc8d0b55dc0>,2,14,[ 2 10],3,75,89,72,75
1,<environment.Job instance at 0x7fc888bfa9b0>,14,17,[5 1],15,89,106,74,77
1,<environment.Job instance at 0x7fc888bfad70>,17,16,[3 8],18,118,134,100,118
1,<environment.Job instance at 0x7fc888bfa190>,21,17,[9 4],22,134,151,112,122
1,<environment.Job instance at 0x7fc888bfaeb0>,24,14,[4 8],25,173,187,148,173
1,<environment.Job instance at 0x7fc888bfa050>,19,18,[9 2],20,187,205,167,179
1,<environment.Job instance at 0x7fc8d08ee8c0>,6,14,[ 1 10],7,55,69,48,55
1,<environment.Job instance at 0x7fc8d08ee230>,5,16,[5 9],6,71,87,65,71
1,<environment.Job instance at 0x7fc8d062a5a0>,15,16,[7 2],16,87,103,71,74
1,<environment.Job instance at 0x7fc8886c5820>,16,12,[3 8],17,87,99,70,74
1,<environment.Job instance at 0x7fc8d020e2d0>,13,18,[8 5],14,103,121,89,101
1,<environment.Job instance at 0x7fc8d0348c30>,21,16,[1 6],22,121,137,99,109
1,<environment.Job instance at 0x7fc8d0348690>,22,14,[1 8],23,138,152,115,138
1,<environment.Job instance at 0x7fc8d03482d0>,23,15,[7 2],24,139,154,115,139
1,<environment.Job instance at 0x7fc8d0348910>,24,15,[10  1],25,154,169,129,148
1,<environment.Job instance at 0x7fc8d0348960>,25,17,[8 5],26,169,186,143,169
1,<environment.Job instance at 0x7fc8d0348500>,26,14,[10  2],27,186,200,159,180
1,<environment.Job instance at 0x7fc8d0348410>,27,16,[5 4],28,200,216,172,189
1,<environment.Job instance at 0x7fc888a667d0>,30,17,[ 4 10],31,216,233,185,216
1,<environment.Job instance at 0x7fc8884730f0>,5,18,[10  2],6,25,43,19,25
1,<environment.Job instance at 0x7fc888473d70>,15,12,[2 9],16,100,112,84,100
1,<environment.Job instance at 0x7fc8d0a66640>,7,16,[6 1],8,8,24,0,8
1,<environment.Job instance at 0x7fc8d0a66780>,6,15,[9 3],7,24,39,17,10
1,<environment.Job instance at 0x7fc8d0a66c80>,15,2,[3 5],16,86,88,70,86
1,<environment.Job instance at 0x7fc8d03c5690>,1,14,[4 7],2,88,102,86,86
1,<environment.Job instance at 0x7fc8d0a650f0>,16,12,[3 5],17,102,114,85,90
1,<environment.Job instance at 0x7fc8d0a665a0>,17,13,[1 9],18,114,127,96,112
1,<environment.Job instance at 0x7fc8d0a65690>,21,16,[4 9],22,127,143,105,115
1,<environment.Job instance at 0x7fc8d0a65eb0>,25,2,[7 5],26,143,145,117,118
1,<environment.Job instance at 0x7fc8d0a657d0>,26,17,[ 2 10],27,145,162,118,143
1,<environment.Job instance at 0x7fc888ad3e60>,8,3,[6 5],9,9,12,0,9
1,<environment.Job instance at 0x7fc8d05007d0>,9,19,[ 5 10],10,20,39,10,20
1,<environment.Job instance at 0x7fc8d0ab4460>,11,15,[3 9],12,39,54,27,25
1,<environment.Job instance at 0x7fc888521c30>,15,13,[8 3],16,54,67,38,48
1,<environment.Job instance at 0x7fc8d0ab4e10>,16,15,[ 5 10],17,67,82,50,55
1,<environment.Job instance at 0x7fc8d0eb2eb0>,20,15,[10  1],21,82,97,61,74
1,<environment.Job instance at 0x7fc8d08c26e0>,22,12,[6 5],23,97,109,74,94
1,<environment.Job instance at 0x7fc8d035c8c0>,24,15,[9 3],25,109,124,84,96
1,<environment.Job instance at 0x7fc8d0e40e10>,5,14,[5 6],6,6,20,0,6
1,<environment.Job instance at 0x7fc8d0e40c30>,6,16,[8 4],7,20,36,13,7
1,<environment.Job instance at 0x7fc8886da4b0>,4,17,[4 8],5,45,62,40,45
1,<environment.Job instance at 0x7fc8d0e40a50>,12,13,[10  1],13,62,75,49,49
1,<environment.Job instance at 0x7fc8d0e40f00>,13,3,[8 5],14,75,78,61,49
1,<environment.Job instance at 0x7fc8d0e405f0>,15,13,[7 1],16,78,91,62,62
1,<environment.Job instance at 0x7fc8d0e400a0>,18,12,[3 8],19,78,90,59,62
1,<environment.Job instance at 0x7fc8d020eb90>,19,18,[7 1],20,91,109,71,80
1,<environment.Job instance at 0x7fc8d020e820>,22,2,[10  2],23,109,111,86,84
1,<environment.Job instance at 0x7fc8d020e3c0>,23,16,[3 5],24,90,106,66,85
1,<environment.Job instance at 0x7fc8d020e500>,24,14,[6 2],25,111,125,86,96
1,<environment.Job instance at 0x7fc888c6a6e0>,32,18,[6 3],33,133,151,100,133
1,<environment.Job instance at 0x7fc888c6a500>,35,12,[7 2],36,151,163,115,139
1,<environment.Job instance at 0x7fc888c6a3c0>,37,16,[3 5],38,139,155,101,139
1,<environment.Job instance at 0x7fc888c6a0a0>,41,14,[6 3],42,163,177,121,160
1,<environment.Job instance at 0x7fc888c6ad20>,48,14,[ 4 10],49,227,241,178,227
1,<environment.Job instance at 0x7fc888c6a640>,49,13,[5 8],50,241,254,191,227
1,<environment.Job instance at 0x7fc888430c30>,52,15,[ 3 10],53,254,269,201,247
1,<environment.Job instance at 0x7fc888430e60>,54,14,[7 5],55,269,283,214,254
1,<environment.Job instance at 0x7fc888430690>,58,12,[5 1],59,291,303,232,291
1,<environment.Job instance at 0x7fc8d0b88cd0>,0,18,[5 3],1,4,22,3,4
1,<environment.Job instance at 0x7fc8d0a223c0>,9,1,[10  1],10,22,23,12,20
1,<environment.Job instance at 0x7fc8d0a22730>,11,20,[ 2 10],12,23,43,11,20
1,<environment.Job instance at 0x7fc888a8c640>,5,13,[5 4],6,43,56,37,28
1,<environment.Job instance at 0x7fc8d0a22280>,14,13,[6 5],15,56,69,41,41
1,<environment.Job instance at 0x7fc8d0a57c80>,2,15,[5 7],3,69,84,66,56
1,<environment.Job instance at 0x7fe287f761e0>,0,17,[6 2],1,3,20,2,3
1,<environment.Job instance at 0x7fe280b665a0>,7,12,[7 2],8,20,32,12,8
1,<environment.Job instance at 0x7fe280b665f0>,6,19,[1 7],7,24,43,17,24
1,<environment.Job instance at 0x7fe280b667d0>,9,17,[8 1],10,32,49,22,25
1,<environment.Job instance at 0x7fe280b66a00>,15,20,[3 5],16,49,69,33,45
1,<environment.Job instance at 0x7fe280b66be0>,18,18,[3 6],19,69,87,50,58
1,<environment.Job instance at 0x7fe280b66f00>,22,3,[4 6],23,109,112,86,109
1,<environment.Job instance at 0x7fe280b674b0>,25,16,[5 3],26,115,131,89,115
1,<environment.Job instance at 0x7fe280b67640>,30,15,[8 2],31,134,149,103,134
1,<environment.Job instance at 0x7fe280b67780>,32,14,[8 3],33,149,163,116,140
1,<environment.Job instance at 0x7fe280b67a00>,36,16,[8 1],37,163,179,126,154
1,<environment.Job instance at 0x7fe280b67aa0>,37,15,[2 5],38,155,170,117,155
1,<environment.Job instance at 0x7fe280b67d20>,41,3,[6 3],42,179,182,137,176
1,<environment.Job instance at 0x7fe280b67c80>,40,17,[ 3 10],41,182,199,141,177
1,<environment.Job instance at 0x7fe287f76230>,2,18,[ 3 10],3,229,247,226,229
1,<environment.Job instance at 0x7fe280b6c410>,46,2,[ 1 10],47,247,249,200,230
1,<environment.Job instance at 0x7fe287f9d960>,3,17,[ 2 10],4,4,21,0,4
1,<environment.Job instance at 0x7fe287f9daa0>,4,14,[6 5],5,21,35,16,6
1,<environment.Job instance at 0x7fe287f9d320>,8,15,[9 4],9,35,50,26,24
1,<environment.Job instance at 0x7fe287f9da00>,13,12,[6 5],14,50,62,36,33
1,<environment.Job instance at 0x7fe2880e3370>,16,3,[1 6],17,35,38,18,35
1,<environment.Job instance at 0x7fe2880e3aa0>,18,14,[9 1],19,62,76,43,47
1,<environment.Job instance at 0x7fe2880e3a50>,19,15,[9 2],20,76,91,56,62
1,<environment.Job instance at 0x7fe2880e3640>,22,16,[1 8],23,62,78,39,62
1,<environment.Job instance at 0x7fe23ce46e60>,3,16,[10  3],4,52,68,48,52
1,<environment.Job instance at 0x7fe23ce460f0>,8,17,[10  2],9,71,88,62,71
1,<environment.Job instance at 0x7fe23ce73f50>,3,1,[10  2],4,5,6,1,5
1,<environment.Job instance at 0x7fe23d227eb0>,6,14,[5 3],7,7,21,0,7
1,<environment.Job instance at 0x7fe23d227410>,7,14,[8 5],8,21,35,13,8
1,<environment.Job instance at 0x7fe23d43b6e0>,14,1,[10  3],15,49,50,34,49
1,<environment.Job instance at 0x7fe23d227730>,15,13,[7 1],16,50,63,34,49
1,<environment.Job instance at 0x7fe23d2265f0>,18,15,[2 8],19,53,68,34,53
1,<environment.Job instance at 0x7fe23d226960>,19,14,[2 9],20,68,82,48,55
1,<environment.Job instance at 0x7fe23d2277d0>,13,13,[9 2],14,82,95,68,71
1,<environment.Job instance at 0x7fe23d226aa0>,23,14,[ 3 10],24,95,109,71,88
1,<environment.Job instance at 0x7fe23ce97a50>,1,17,[2 6],2,4,21,2,4
1,<environment.Job instance at 0x7fe23d2567d0>,8,26,[7 3],9,10,36,1,10
1,<environment.Job instance at 0x7fe23d256820>,10,13,[1 6],11,21,34,10,19
1,<environment.Job instance at 0x7fe23d256a00>,11,15,[5 1],12,36,51,24,22
1,<environment.Job instance at 0x7fe23d256960>,12,16,[3 9],13,36,52,23,24
1,<environment.Job instance at 0x7fe23d256b90>,15,18,[9 2],16,52,70,36,41
1,<environment.Job instance at 0x7fe23d256cd0>,17,12,[3 9],18,70,82,52,53
1,<environment.Job instance at 0x7fe283792e60>,6,16,[2 5],7,24,40,17,24
1,<environment.Job instance at 0x7fe23cfac050>,14,12,[3 8],15,49,61,34,49
1,<environment.Job instance at 0x7fe23cfac640>,16,13,[1 9],17,61,74,44,49
1,<environment.Job instance at 0x7fe23cfac5a0>,17,16,[4 5],18,74,90,56,61
1,<environment.Job instance at 0x7fe2808d9fa0>,23,16,[8 4],24,115,131,91,115
1,<environment.Job instance at 0x7fe23cfacf50>,13,18,[5 7],14,131,149,117,120
1,<environment.Job instance at 0x7fe2808d9a50>,26,15,[5 7],27,149,164,122,138
1,<environment.Job instance at 0x7fe2832d0a50>,8,15,[5 5],9,25,40,16,25
1,<environment.Job instance at 0x7fe280b87d70>,15,16,[5 5],16,98,114,82,98
1,<environment.Job instance at 0x7fe280b870a0>,16,12,[ 3 10],17,114,126,97,105
1,<environment.Job instance at 0x7fe23d33c820>,19,13,[3 9],20,126,139,106,113
1,<environment.Job instance at 0x7fe28335bb90>,7,12,[1 7],8,13,25,5,13
1,<environment.Job instance at 0x7fe28335bc30>,8,15,[3 7],9,25,40,16,16
1,<environment.Job instance at 0x7fe28335bd70>,10,12,[1 8],11,40,52,29,29
1,<environment.Job instance at 0x7fe28335bf50>,14,18,[2 5],15,71,89,56,71
1,<environment.Job instance at 0x7fe283343280>,16,14,[1 7],17,89,103,72,81
1,<environment.Job instance at 0x7fe283343370>,20,15,[6 2],21,84,99,63,84
1,<environment.Job instance at 0x7fe283343550>,2,14,[4 7],3,24,38,21,24
1,<environment.Job instance at 0x7fe280abdaa0>,12,13,[ 3 10],13,38,51,25,25
1,<environment.Job instance at 0x7fe23d35aa50>,11,13,[3 9],12,51,64,39,35
1,<environment.Job instance at 0x7fe280abd870>,16,14,[1 9],17,64,78,47,49
1,<environment.Job instance at 0x7fe280abd8c0>,20,1,[5 8],21,78,79,57,60
1,<environment.Job instance at 0x7fe280abda50>,22,2,[9 3],23,79,81,56,60
1,<environment.Job instance at 0x7fe287d29640>,7,16,[ 3 10],8,81,97,73,68
1,<environment.Job instance at 0x7fe283402b40>,23,16,[8 3],24,99,115,75,99
1,<environment.Job instance at 0x7fe23d349fa0>,30,18,[5 5],31,115,133,84,106
1,<environment.Job instance at 0x7fe280e570f0>,34,14,[5 1],35,155,169,120,155
1,<environment.Job instance at 0x7fe23d35a280>,10,17,[ 3 10],11,169,186,158,163
1,<environment.Job instance at 0x7fe280c2c8c0>,37,18,[4 7],38,186,204,148,175
1,<environment.Job instance at 0x7fe23cfff410>,40,12,[7 1],41,204,216,163,188
1,<environment.Job instance at 0x7fe23d1968c0>,8,17,[3 6],9,52,69,43,52
1,<environment.Job instance at 0x7fe23d196780>,4,16,[7 2],5,63,79,58,63
1,<environment.Job instance at 0x7fe280b50640>,11,14,[10  2],12,104,118,92,104
1,<environment.Job instance at 0x7fe28371c3c0>,16,14,[10  2],17,167,181,150,167
1,<environment.Job instance at 0x7fe28365fe60>,24,16,[4 8],25,187,203,162,187
1,<environment.Job instance at 0x7fe280930910>,28,12,[6 1],29,193,205,164,193
1,<environment.Job instance at 0x7fe23d4ec3c0>,22,12,[3 9],23,212,224,189,212
1,<environment.Job instance at 0x7fe23d445dc0>,32,1,[7 4],33,224,225,191,212
1,<environment.Job instance at 0x7fe2831b5910>,33,16,[1 7],34,225,241,191,212
1,<environment.Job instance at 0x7fe2831b5fa0>,35,18,[2 7],36,241,259,205,230
1,<environment.Job instance at 0x7fe283702460>,38,16,[5 1],39,233,249,194,233
1,<environment.Job instance at 0x7fe283702a50>,39,16,[9 4],40,259,275,219,246
1,<environment.Job instance at 0x7fe23d1cf230>,0,3,[5 6],1,4,7,3,4
1,<environment.Job instance at 0x7fe280ba0370>,6,13,[1 5],7,35,48,28,35
1,<environment.Job instance at 0x7fe280ba05f0>,9,15,[4 5],10,47,62,37,47
1,<environment.Job instance at 0x7fe280ba0730>,11,17,[3 5],12,51,68,39,51
1,<environment.Job instance at 0x7fe280ba0910>,14,15,[4 5],15,62,77,47,54
1,<environment.Job instance at 0x7fe280ba0af0>,17,15,[7 4],18,77,92,59,69
1,<environment.Job instance at 0x7fe280ba01e0>,4,17,[2 6],5,87,104,82,87
1,<environment.Job instance at 0x7fe280ba0cd0>,20,15,[8 1],21,92,107,71,88
1,<environment.Job instance at 0x7fe280ba0eb0>,23,15,[5 5],24,116,131,92,116
1,<environment.Job instance at 0x7fe280bc1140>,27,18,[5 9],28,154,172,126,154
1,<environment.Job instance at 0x7fe280bc15a0>,34,12,[10  1],35,192,204,157,192
1,<environment.Job instance at 0x7fe280bc17d0>,38,17,[1 9],39,227,244,188,227
1,<environment.Job instance at 0x7fe2832cc320>,7,18,[8 5],8,17,35,9,17
1,<environment.Job instance at 0x7fe287fa0410>,10,15,[10  2],11,35,50,24,27
1,<environment.Job instance at 0x7fe2832ccd20>,5,15,[3 9],6,50,65,44,47
1,<environment.Job instance at 0x7fe280beea00>,19,17,[7 1],20,50,67,30,50
1,<environment.Job instance at 0x7fe280beee60>,20,16,[2 8],21,65,81,44,54
1,<environment.Job instance at 0x7fe2880e1cd0>,23,13,[4 5],24,81,94,57,65
1,<environment.Job instance at 0x7fe280e4f0f0>,26,15,[5 5],27,81,96,54,79
1,<environment.Job instance at 0x7fe23d3c4190>,10,3,[10  4],11,52,55,41,52
1,<environment.Job instance at 0x7fe23d3c44b0>,11,13,[8 4],12,56,69,44,56
1,<environment.Job instance at 0x7fe2832e8c80>,16,15,[ 1 10],17,132,147,115,132
1,<environment.Job instance at 0x7fe283278b90>,5,22,[ 2 10],6,13,35,7,13
1,<environment.Job instance at 0x7fe283278d20>,7,18,[3 9],8,35,53,27,24
1,<environment.Job instance at 0x7fe283271be0>,14,17,[6 2],15,53,70,38,41
1,<environment.Job instance at 0x7fe28359e500>,6,13,[5 8],7,7,20,0,7
1,<environment.Job instance at 0x7fe23d1c1280>,4,15,[3 8],5,20,35,15,17
1,<environment.Job instance at 0x7fe23d022b90>,9,12,[9 1],10,35,47,25,19
1,<environment.Job instance at 0x7fe23d4ece10>,11,18,[ 4 10],12,83,101,71,83
1,<environment.Job instance at 0x7fe283259c30>,4,13,[5 6],5,8,21,3,8
1,<environment.Job instance at 0x7fe2809be370>,8,15,[7 3],9,21,36,12,9
1,<environment.Job instance at 0x7fe2809bed20>,12,19,[7 3],13,36,55,23,26
1,<environment.Job instance at 0x7fe2809bebe0>,16,13,[9 3],17,55,68,38,51
1,<environment.Job instance at 0x7fe2809beaa0>,20,13,[4 8],21,68,81,47,58
1,<environment.Job instance at 0x7fe2809be8c0>,24,17,[8 5],25,93,110,68,93
1,<environment.Job instance at 0x7fe23cc81780>,29,1,[4 9],30,162,163,132,162
1,<environment.Job instance at 0x7fe280b051e0>,4,3,[6 5],5,29,32,24,29
1,<environment.Job instance at 0x7fe2832ca230>,8,3,[5 2],9,32,35,23,29
1,<environment.Job instance at 0x7fe2832ca140>,7,20,[ 5 10],8,35,55,27,29
1,<environment.Job instance at 0x7fe280996cd0>,11,19,[3 5],12,55,74,43,46
1,<environment.Job instance at 0x7fe2832bc460>,14,12,[7 3],15,55,67,40,50
1,<environment.Job instance at 0x7fe2832bc370>,16,3,[9 5],17,74,77,57,73
1,<environment.Job instance at 0x7fe2832ac190>,18,18,[9 3],19,77,95,58,75
1,<environment.Job instance at 0x7fe2832ac0a0>,20,17,[8 5],21,95,112,74,83
1,<environment.Job instance at 0x7fe2832acaa0>,24,17,[4 8],25,1733,1750,1708,1733
1,<environment.Job instance at 0x7fe2832ac9b0>,4,14,[5 3],5,5,19,0,5
1,<environment.Job instance at 0x7fe280e665a0>,9,16,[ 5 10],10,43,59,33,43
1,<environment.Job instance at 0x7fe280e86050>,17,14,[1 9],18,72,86,54,72
1,<environment.Job instance at 0x7fe283420500>,18,12,[7 5],19,86,98,67,72
1,<environment.Job instance at 0x7fe280e5f5f0>,7,17,[3 5],8,21,38,13,21
1,<environment.Job instance at 0x7fe23cfbb370>,11,12,[8 4],12,38,50,26,25
1,<environment.Job instance at 0x7fe23cfbb410>,12,2,[4 7],13,50,52,37,25
1,<environment.Job instance at 0x7fe23cfbb050>,14,1,[9 5],15,52,53,37,43
1,<environment.Job instance at 0x7fe23cfbb6e0>,15,17,[ 2 10],16,53,70,37,46
1,<environment.Job instance at 0x7fe23cfbb460>,20,17,[5 4],21,70,87,49,65
1,<environment.Job instance at 0x7fe23cfbbc30>,17,16,[ 1 10],18,87,103,69,75
1,<environment.Job instance at 0x7fe23caf0cd0>,27,14,[6 2],28,103,117,75,88
1,<environment.Job instance at 0x7fe23caf06e0>,30,14,[4 7],31,103,117,72,92
1,<environment.Job instance at 0x7fe23d0ebeb0>,8,19,[3 5],9,22,41,13,22
1,<environment.Job instance at 0x7fe287e70e10>,9,3,[8 4],10,41,44,31,23
1,<environment.Job instance at 0x7fe23ccc2aa0>,11,3,[7 1],12,44,47,32,39
1,<environment.Job instance at 0x7fe287e70780>,10,16,[1 7],11,44,60,33,42
1,<environment.Job instance at 0x7fe283125050>,16,18,[8 4],17,60,78,43,49
1,<environment.Job instance at 0x7fe280af56e0>,27,15,[4 7],28,137,152,109,137
1,<environment.Job instance at 0x7fe280af5050>,28,14,[8 2],29,152,166,123,138
1,<environment.Job instance at 0x7fe280af53c0>,29,18,[4 9],30,166,184,136,157
1,<environment.Job instance at 0x7f53e15d7370>,1,15,[4 5],2,2,17,0,2
1,<environment.Job instance at 0x7f53d61c35a0>,7,12,[7 2],8,17,29,9,8
1,<environment.Job instance at 0x7f53d61c3640>,9,17,[8 1],10,29,46,19,24
1,<environment.Job instance at 0x7f53d61c3780>,10,14,[1 6],11,24,38,13,24
1,<environment.Job instance at 0x7f53d61c3730>,11,1,[8 4],12,46,47,34,24
1,<environment.Job instance at 0x7f53d61c35f0>,6,19,[1 7],7,65,84,58,65
1,<environment.Job instance at 0x7f53d61c3a50>,16,19,[ 3 10],17,84,103,67,78
1,<environment.Job instance at 0x7f53d61c3f50>,22,3,[4 6],23,103,106,80,91
1,<environment.Job instance at 0x7f53d61c3eb0>,23,18,[7 4],24,106,124,82,95
1,<environment.Job instance at 0x7f53d61c4550>,28,2,[5 8],29,157,159,128,157
1,<environment.Job instance at 0x7f53d61c45f0>,29,24,[5 1],30,158,182,128,158
1,<environment.Job instance at 0x7f53d61c4780>,35,3,[9 5],36,182,185,146,182
1,<environment.Job instance at 0x7f53d61c49b0>,33,16,[9 3],34,185,201,151,182
1,<environment.Job instance at 0x7f53d61c44b0>,31,13,[4 5],32,201,214,169,185
1,<environment.Job instance at 0x7f53d61c4b40>,38,16,[1 5],39,185,201,146,185
1,<environment.Job instance at 0x7f53d61c4d20>,41,3,[6 3],42,201,204,159,185
1,<environment.Job instance at 0x7f53d61c4c80>,40,17,[ 3 10],41,228,245,187,228
1,<environment.Job instance at 0x7f53e15fe050>,3,12,[6 5],4,6,18,2,6
1,<environment.Job instance at 0x7f53e15febe0>,6,3,[1 6],7,18,21,11,7
1,<environment.Job instance at 0x7f53e1601280>,7,12,[6 1],8,18,30,10,9
1,<environment.Job instance at 0x7f53d61dd460>,0,13,[1 7],1,21,34,20,11
1,<environment.Job instance at 0x7f53e173d5a0>,12,16,[1 8],13,34,50,21,22
1,<environment.Job instance at 0x7f53d61c9230>,5,17,[4 8],6,50,67,44,38
1,<environment.Job instance at 0x7f53e1750640>,21,15,[8 1],22,67,82,45,57
1,<environment.Job instance at 0x7f53e1750230>,23,14,[1 7],24,73,87,49,73
1,<environment.Job instance at 0x7f53e17500a0>,24,19,[9 1],25,82,101,57,73
1,<environment.Job instance at 0x7f53e15ffcd0>,29,21,[3 6],30,101,122,71,99
1,<environment.Job instance at 0x7f53e15fff50>,3,19,[9 2],4,5,24,1,5
1,<environment.Job instance at 0x7f5396575960>,9,18,[5 7],10,26,44,16,26
1,<environment.Job instance at 0x7f53965650a0>,0,16,[7 2],1,54,70,53,54
1,<environment.Job instance at 0x7f53965752d0>,12,13,[2 9],13,78,91,65,78
1,<environment.Job instance at 0x7f5396575190>,15,13,[6 4],16,91,104,75,78
1,<environment.Job instance at 0x7f5396575aa0>,17,20,[5 2],18,104,124,86,95
1,<environment.Job instance at 0x7f5396575410>,22,16,[7 4],23,124,140,101,124
1,<environment.Job instance at 0x7f53965753c0>,25,16,[7 4],26,152,168,126,152
1,<environment.Job instance at 0x7f5396575780>,30,17,[2 6],31,176,193,145,176
1,<environment.Job instance at 0x7f539657abe0>,32,17,[8 5],33,193,210,160,181
1,<environment.Job instance at 0x7f5396419730>,6,13,[2 5],7,7,20,0,7
1,<environment.Job instance at 0x7f5396419b40>,10,19,[1 8],11,20,39,9,11
1,<environment.Job instance at 0x7f5396419a50>,11,12,[4 7],12,39,51,27,22
1,<environment.Job instance at 0x7f5396445780>,2,14,[9 1],3,3,17,0,3
1,<environment.Job instance at 0x7f53964451e0>,4,2,[3 5],5,17,19,12,5
1,<environment.Job instance at 0x7f53d5fcdd20>,8,17,[9 1],9,19,36,10,10
1,<environment.Job instance at 0x7f53d5fcdf50>,11,16,[1 8],12,21,37,9,21
1,<environment.Job instance at 0x7f53d5fcddc0>,9,18,[10  3],10,37,55,27,27
1,<environment.Job instance at 0x7f53d5fc13c0>,18,18,[10  3],19,99,117,80,99
1,<environment.Job instance at 0x7f53d5fc1640>,21,14,[3 5],22,117,131,95,108
1,<environment.Job instance at 0x7f53d5fc1910>,22,18,[2 8],23,131,149,108,120
1,<environment.Job instance at 0x7f53d5fc1af0>,25,17,[9 1],26,149,166,123,140
1,<environment.Job instance at 0x7f53d5fc1be0>,27,17,[7 4],28,166,183,138,154
1,<environment.Job instance at 0x7f53d5f8c910>,3,14,[5 5],4,26,40,22,26
1,<environment.Job instance at 0x7f53d5f8ce10>,7,14,[10  3],8,40,54,32,26
1,<environment.Job instance at 0x7f53d5f8ca00>,9,16,[2 6],10,54,70,44,48
1,<environment.Job instance at 0x7f53d5f8cfa0>,14,3,[1 6],15,76,79,61,76
1,<environment.Job instance at 0x7f53d5f8c2d0>,4,14,[1 8],5,79,93,74,78
1,<environment.Job instance at 0x7f53d5f8c8c0>,11,14,[6 4],12,93,107,81,80
1,<environment.Job instance at 0x7f53965ef8c0>,17,14,[7 5],18,107,121,89,100
1,<environment.Job instance at 0x7f53965ef550>,22,14,[9 5],23,121,135,98,106
1,<environment.Job instance at 0x7f53d621a230>,6,13,[7 5],7,8,21,1,8
1,<environment.Job instance at 0x7f53d68b3b90>,7,13,[1 8],8,21,34,13,8
1,<environment.Job instance at 0x7f53d68b3fa0>,9,14,[1 7],10,34,48,24,19
1,<environment.Job instance at 0x7f53d6753140>,14,2,[2 6],15,48,50,33,25
1,<environment.Job instance at 0x7f539665f0f0>,10,13,[ 2 10],11,50,63,39,43
1,<environment.Job instance at 0x7f53d62d4370>,18,18,[1 9],19,63,81,44,52
1,<environment.Job instance at 0x7f53d6219d20>,20,13,[ 4 10],21,81,94,60,65
1,<environment.Job instance at 0x7f53d6d49640>,23,14,[1 8],24,94,108,70,79
1,<environment.Job instance at 0x7f53d6753550>,13,18,[ 5 10],14,108,126,94,98
1,<environment.Job instance at 0x7f53968ec230>,3,16,[7 2],4,4,20,0,4
1,<environment.Job instance at 0x7f5396307280>,6,3,[4 8],7,20,23,13,7
1,<environment.Job instance at 0x7f5396307370>,8,2,[1 6],9,9,11,0,9
1,<environment.Job instance at 0x7f53d6c4a2d0>,0,16,[6 2],1,20,36,19,11
1,<environment.Job instance at 0x7f5396307870>,12,3,[2 6],13,25,28,12,25
1,<environment.Job instance at 0x7f53963076e0>,10,12,[5 1],11,36,48,25,25
1,<environment.Job instance at 0x7f53d6c4a280>,4,16,[ 3 10],5,63,79,58,63
1,<environment.Job instance at 0x7f5396307d20>,20,15,[7 3],21,79,94,58,69
1,<environment.Job instance at 0x7f5396307fa0>,23,14,[7 5],24,94,108,70,86
1,<environment.Job instance at 0x7f53963283c0>,28,12,[7 4],29,111,123,82,111
1,<environment.Job instance at 0x7f5396328460>,29,14,[ 3 10],30,123,137,93,115
1,<environment.Job instance at 0x7f5396328820>,35,14,[ 2 10],36,142,156,106,142
1,<environment.Job instance at 0x7f5396328a00>,38,18,[5 5],39,161,179,122,161
1,<environment.Job instance at 0x7f5396328aa0>,39,16,[5 5],40,162,178,122,162
1,<environment.Job instance at 0x7f5396328be0>,41,13,[3 9],42,179,192,137,176
1,<environment.Job instance at 0x7f5396328c80>,42,13,[ 3 10],43,192,205,149,176
1,<environment.Job instance at 0x7f5396328230>,46,14,[1 9],47,205,219,158,190
1,<environment.Job instance at 0x7f539632b140>,48,12,[2 6],49,219,231,170,207
1,<environment.Job instance at 0x7f539632b140>,3,13,[4 5],4,4,17,0,4
1,<environment.Job instance at 0x7f539698e730>,4,12,[ 4 10],5,17,29,12,7
1,<environment.Job instance at 0x7f53d682a370>,8,14,[5 9],9,29,43,20,21
1,<environment.Job instance at 0x7f53d682a1e0>,11,18,[ 5 10],12,46,64,34,46
1,<environment.Job instance at 0x7f5396823a00>,6,16,[ 2 10],7,137,153,130,137
1,<environment.Job instance at 0x7f5396a5a3c0>,7,1,[2 5],8,25,26,17,25
1,<environment.Job instance at 0x7f53d63e76e0>,9,18,[10  2],10,35,53,25,35
1,<environment.Job instance at 0x7f5396a5a0a0>,10,3,[5 6],11,53,56,42,35
1,<environment.Job instance at 0x7f53967e69b0>,12,15,[5 8],13,56,71,43,56
1,<environment.Job instance at 0x7f53d6b9e2d0>,16,13,[1 5],17,98,111,81,98
1,<environment.Job instance at 0x7f53968089b0>,14,17,[2 6],15,111,128,96,99
1,<environment.Job instance at 0x7f53d5fc89b0>,24,15,[4 5],25,128,143,103,124
1,<environment.Job instance at 0x7f53d64f20f0>,23,15,[5 8],24,143,158,119,129
1,<environment.Job instance at 0x7f5396ae3870>,6,15,[5 5],7,7,22,0,7
1,<environment.Job instance at 0x7f5396ae3820>,7,18,[8 5],8,22,40,14,11
1,<environment.Job instance at 0x7f5396ae3140>,14,14,[ 1 10],15,40,54,25,30
1,<environment.Job instance at 0x7f5396ae3280>,10,15,[10  2],11,54,69,43,51
1,<environment.Job instance at 0x7f5396ada3c0>,18,3,[4 8],19,69,72,50,53
1,<environment.Job instance at 0x7f5396ada460>,19,17,[7 1],20,72,89,52,60
1,<environment.Job instance at 0x7f5396ada640>,22,14,[1 7],23,72,86,49,60
1,<environment.Job instance at 0x7f5396ada500>,20,16,[2 8],21,86,102,65,74
1,<environment.Job instance at 0x7f53d6835a00>,1,13,[8 4],2,73,86,71,73
1,<environment.Job instance at 0x7f53d6835be0>,0,3,[10  4],1,124,127,123,124
1,<environment.Job instance at 0x7f53d605e8c0>,11,17,[5 2],12,127,144,115,124
1,<environment.Job instance at 0x7f53d5fceaa0>,14,18,[1 6],15,127,145,112,126
1,<environment.Job instance at 0x7f53d5fce320>,16,14,[5 1],17,144,158,127,144
1,<environment.Job instance at 0x7f53d605eb40>,6,15,[ 1 10],7,158,173,151,144
1,<environment.Job instance at 0x7f53d5fcee60>,17,17,[9 2],18,176,193,158,176
1,<environment.Job instance at 0x7f53968029b0>,8,2,[5 3],9,79,81,70,79
1,<environment.Job instance at 0x7f5396802a50>,9,18,[4 5],10,79,97,69,79
1,<environment.Job instance at 0x7f5396802730>,11,15,[1 5],12,81,96,69,79
1,<environment.Job instance at 0x7f5396802280>,10,16,[6 1],11,96,112,85,85
1,<environment.Job instance at 0x7f5396802500>,13,18,[9 4],14,112,130,98,101
1,<environment.Job instance at 0x7f5396802be0>,17,16,[4 6],18,130,146,112,117
1,<environment.Job instance at 0x7f5396802190>,18,15,[5 1],19,130,145,111,117
1,<environment.Job instance at 0x7f5396813870>,1,16,[10  3],2,184,200,182,184
1,<environment.Job instance at 0x7f53d64eef00>,23,15,[10  4],24,200,215,176,193
1,<environment.Job instance at 0x7f5396459d20>,4,2,[1 7],5,12,14,7,12
1,<environment.Job instance at 0x7f53d5fd6b90>,6,17,[5 8],7,48,65,41,48
1,<environment.Job instance at 0x7f53d64ee140>,1,13,[6 5],2,65,78,63,50
1,<environment.Job instance at 0x7f53d5fc29b0>,14,13,[10  4],15,78,91,63,67
1,<environment.Job instance at 0x7f53d5fc2280>,17,16,[6 1],18,91,107,73,87
1,<environment.Job instance at 0x7f5396a678c0>,13,12,[10  3],14,107,119,93,101
1,<environment.Job instance at 0x7f53d6cedaf0>,3,12,[5 4],4,4,16,0,4
1,<environment.Job instance at 0x7f53d67cddc0>,0,18,[9 1],1,31,49,30,31
1,<environment.Job instance at 0x7f53d627c780>,13,21,[1 7],14,46,67,32,46
1,<environment.Job instance at 0x7f53d627cb40>,14,15,[9 3],15,49,64,34,48
1,<environment.Job instance at 0x7f53d6db6870>,18,15,[ 1 10],19,87,102,68,87
1,<environment.Job instance at 0x7f53d6db6050>,19,1,[7 5],20,102,103,82,87
1,<environment.Job instance at 0x7f53e15d6050>,3,17,[8 3],4,4,21,0,4
1,<environment.Job instance at 0x7f5396506d70>,6,18,[1 7],7,7,25,0,7
1,<environment.Job instance at 0x7f5396506f00>,11,14,[6 3],12,30,44,18,30
1,<environment.Job instance at 0x7f5396506eb0>,19,13,[5 8],20,55,68,35,55
1,<environment.Job instance at 0x7f53965065f0>,20,16,[5 2],21,56,72,35,56
1,<environment.Job instance at 0x7f5396506af0>,21,20,[5 4],22,68,88,46,59
1,<environment.Job instance at 0x7f5396500280>,23,12,[7 5],24,88,100,64,72
1,<environment.Job instance at 0x7f5396506730>,13,15,[1 8],14,100,115,86,88
1,<environment.Job instance at 0x7f5396500cd0>,28,12,[5 1],29,100,112,71,99
1,<environment.Job instance at 0x7f53961a7e10>,31,17,[1 7],32,130,147,98,130
1,<environment.Job instance at 0x7f53961a1c80>,3,15,[5 5],4,4,19,0,4
1,<environment.Job instance at 0x7f53d671ca00>,4,15,[1 5],5,5,20,0,5
1,<environment.Job instance at 0x7f53d671c320>,9,14,[7 4],10,19,33,9,16
1,<environment.Job instance at 0x7f53d674de10>,2,13,[4 9],3,7,20,4,7
1,<environment.Job instance at 0x7f53d68fc960>,9,18,[1 6],10,20,38,10,16
1,<environment.Job instance at 0x7f53d68fc500>,11,12,[10  1],12,38,50,26,25
1,<environment.Job instance at 0x7f53d68fc690>,12,3,[4 6],13,50,53,37,25
1,<environment.Job instance at 0x7f5396237140>,18,1,[7 1],19,1637,1638,1618,1637
1,<environment.Job instance at 0x7f5396237fa0>,19,18,[10  4],20,1638,1656,1618,1637
1,<environment.Job instance at 0x7f53969d0b90>,21,14,[8 4],22,1656,1670,1634,1647
1,<environment.Job instance at 0x7f539622daf0>,3,1,[8 3],4,11,12,7,11
1,<environment.Job instance at 0x7f539622db90>,8,18,[8 3],9,75,93,66,75
1,<environment.Job instance at 0x7f539622db40>,18,15,[3 7],19,101,116,82,101
1,<environment.Job instance at 0x7f539622da00>,5,14,[ 4 10],6,116,130,110,101
1,<environment.Job instance at 0x7f539622d1e0>,22,15,[8 2],23,130,145,107,125
1,<environment.Job instance at 0x7f53d6481410>,4,15,[6 1],5,5,20,0,5
1,<environment.Job instance at 0x7f53d64810a0>,3,13,[1 7],4,42,55,38,42
1,<environment.Job instance at 0x7f53d6481f50>,9,15,[1 8],10,55,70,45,42
1,<environment.Job instance at 0x7f539686b910>,14,18,[5 6],15,70,88,55,70
1,<environment.Job instance at 0x7f53d678ea00>,17,14,[ 4 10],18,88,102,70,73
1,<environment.Job instance at 0x7f5396abba50>,24,3,[6 4],25,124,127,99,124
1,<environment.Job instance at 0x7f5396abb370>,26,15,[9 4],27,150,165,123,150
1,<environment.Job instance at 0x7fa6fa0d7370>,5,18,[7 5],6,6,24,0,6
1,<environment.Job instance at 0x7fa6fa0d7410>,7,12,[7 2],8,24,36,16,24
1,<environment.Job instance at 0x7fa6fa0d7780>,10,14,[1 6],11,24,38,13,24
1,<environment.Job instance at 0x7fa6fa0d76e0>,9,17,[8 1],10,36,53,26,24
1,<environment.Job instance at 0x7fa6fa0d75a0>,6,19,[1 7],7,45,64,38,45
1,<environment.Job instance at 0x7fa6fa0d7a50>,16,19,[ 3 10],17,64,83,47,54
1,<environment.Job instance at 0x7fa6fa0d9500>,28,2,[5 8],29,137,139,108,137
1,<environment.Job instance at 0x7fa6fa0d9280>,25,16,[5 3],26,161,177,135,161
1,<environment.Job instance at 0x7fa6fa0d9820>,33,16,[9 3],34,177,193,143,164
1,<environment.Job instance at 0x7fa6fa0d9b40>,38,16,[1 5],39,175,191,136,175
1,<environment.Job instance at 0x7fa6fa0d9640>,30,15,[8 2],31,193,208,162,183
1,<environment.Job instance at 0x7fa6fa0d9d20>,41,3,[6 3],42,208,211,166,185
1,<environment.Job instance at 0x7fa6fb236190>,2,18,[ 3 10],3,231,249,228,231
1,<environment.Job instance at 0x7fa6fb235960>,7,12,[1 9],8,8,20,0,8
1,<environment.Job instance at 0x7fa6fb235cd0>,8,19,[4 7],9,20,39,11,10
1,<environment.Job instance at 0x7fa6fb235aa0>,11,15,[8 1],12,56,71,44,56
1,<environment.Job instance at 0x7fa6fb3a8370>,16,16,[5 3],17,71,87,54,65
1,<environment.Job instance at 0x7fa6fb235c80>,14,19,[9 1],15,87,106,72,78
1,<environment.Job instance at 0x7fa6fb3ab690>,22,14,[5 1],23,106,120,83,92
1,<environment.Job instance at 0x7fa6fb3ab6e0>,23,18,[1 7],24,92,110,68,92
1,<environment.Job instance at 0x7fa6fb39c9b0>,30,15,[6 2],31,1606,1621,1575,1606
1,<environment.Job instance at 0x7fa6fb39cc80>,34,13,[2 6],35,1631,1644,1596,1631
1,<environment.Job instance at 0x7fa6fb25e0a0>,2,16,[7 4],3,46,62,43,46
1,<environment.Job instance at 0x7fa6b02255f0>,5,16,[7 4],6,74,90,68,74
1,<environment.Job instance at 0x7fa6b0261f00>,10,17,[2 6],11,82,99,71,82
1,<environment.Job instance at 0x7fa6b0225f50>,3,16,[9 4],4,99,115,95,90
1,<environment.Job instance at 0x7fa6b0261d20>,14,18,[10  4],15,115,133,100,108
1,<environment.Job instance at 0x7fa6b02610a0>,17,3,[8 3],18,133,136,115,109
1,<environment.Job instance at 0x7fa6b02610f0>,19,15,[5 7],20,136,151,116,122
1,<environment.Job instance at 0x7fa6b0261460>,21,2,[5 1],22,136,138,114,126
1,<environment.Job instance at 0x7fa6b0118550>,7,15,[1 9],8,28,43,20,28
1,<environment.Job instance at 0x7fa6b0118a50>,6,3,[5 9],7,43,46,36,28
1,<environment.Job instance at 0x7fa6b0118fa0>,12,1,[ 2 10],13,47,48,34,47
1,<environment.Job instance at 0x7fa6b00c8960>,13,17,[7 1],14,48,65,34,48
1,<environment.Job instance at 0x7fa6b00c80f0>,15,13,[6 3],16,65,78,49,57
1,<environment.Job instance at 0x7fa6b00c87d0>,19,15,[4 9],20,94,109,74,94
1,<environment.Job instance at 0x7fa6b00c8460>,21,14,[3 6],22,120,134,98,120
1,<environment.Job instance at 0x7fa6b00c8a00>,22,3,[9 2],23,134,137,111,120
1,<environment.Job instance at 0x7fa6b00c85a0>,23,18,[4 8],24,137,155,113,128
1,<environment.Job instance at 0x7fa6b00c8b40>,28,18,[ 3 10],29,172,190,143,172
1,<environment.Job instance at 0x7fa6b00c8aa0>,30,13,[4 9],31,190,203,159,174
1,<environment.Job instance at 0x7fa6b051f500>,8,2,[7 2],9,48,50,39,48
1,<environment.Job instance at 0x7fa6b051f3c0>,6,1,[8 1],7,50,51,43,48
1,<environment.Job instance at 0x7fa6b051f460>,7,16,[4 5],8,55,71,47,55
1,<environment.Job instance at 0x7fa6b051f8c0>,14,17,[2 5],15,57,74,42,57
1,<environment.Job instance at 0x7fa6b051f960>,15,14,[8 2],16,71,85,55,59
1,<environment.Job instance at 0x7fa6b051fa00>,16,2,[4 9],17,104,106,87,104
1,<environment.Job instance at 0x7fa6b051fb40>,18,18,[8 2],19,106,124,87,104
1,<environment.Job instance at 0x7fa6b051fbe0>,19,18,[6 2],20,125,143,105,125
1,<environment.Job instance at 0x7fa6b051f320>,25,15,[6 5],26,148,163,122,148
1,<environment.Job instance at 0x7fa6b051fd20>,21,18,[5 8],22,163,181,141,152
1,<environment.Job instance at 0x7fa6b05233c0>,34,12,[3 8],35,181,193,146,181
1,<environment.Job instance at 0x7fa6b0523500>,36,13,[1 9],37,200,213,163,200
1,<environment.Job instance at 0x7fa6b0523320>,33,18,[5 7],34,245,263,211,245
1,<environment.Job instance at 0x7fa6b05238c0>,42,2,[2 5],43,263,265,220,245
1,<environment.Job instance at 0x7fa6b0523b40>,46,15,[5 7],47,265,280,218,255
1,<environment.Job instance at 0x7fa6f9ea0410>,5,12,[4 8],6,25,37,19,25
1,<environment.Job instance at 0x7fa6fa383c30>,15,16,[5 5],16,104,120,88,104
1,<environment.Job instance at 0x7fa6fa383280>,17,17,[4 5],18,107,124,89,107
1,<environment.Job instance at 0x7fa6fa383370>,18,13,[8 5],19,124,137,105,108
1,<environment.Job instance at 0x7fa6b05ec4b0>,7,15,[1 7],8,9,24,1,9
1,<environment.Job instance at 0x7fa6b06d3730>,8,16,[6 5],9,24,40,15,11
1,<environment.Job instance at 0x7fa6b029ff00>,14,15,[5 3],15,78,93,63,78
1,<environment.Job instance at 0x7fa6b029f730>,21,13,[4 7],22,78,91,56,78
1,<environment.Job instance at 0x7fa6fa402f00>,26,21,[4 7],27,123,144,96,123
1,<environment.Job instance at 0x7fa6fa402f00>,4,15,[6 2],5,5,20,0,5
1,<environment.Job instance at 0x7fa6fab7d820>,5,17,[7 4],6,20,37,14,9
1,<environment.Job instance at 0x7fa6aff70af0>,8,17,[3 5],9,10,27,1,10
1,<environment.Job instance at 0x7fa6aff70e10>,11,1,[ 5 10],12,37,38,25,12
1,<environment.Job instance at 0x7fa6aff70be0>,9,16,[3 9],10,38,54,28,28
1,<environment.Job instance at 0x7fa6b0643190>,8,13,[8 2],9,53,66,44,53
1,<environment.Job instance at 0x7fa6b06437d0>,14,18,[1 6],15,112,130,97,112
1,<environment.Job instance at 0x7fa6b0643780>,12,16,[1 7],13,130,146,117,117
1,<environment.Job instance at 0x7fa6fb3ae5f0>,1,15,[3 5],2,6,21,4,6
1,<environment.Job instance at 0x7fa6fa534af0>,4,13,[4 6],5,21,34,16,7
1,<environment.Job instance at 0x7fa6fb3ae910>,3,16,[5 5],4,34,50,30,22
1,<environment.Job instance at 0x7fa6fa778690>,11,18,[7 3],12,50,68,38,50
1,<environment.Job instance at 0x7fa6fb3ae8c0>,0,17,[7 2],1,75,92,74,75
1,<environment.Job instance at 0x7fa6b0295aa0>,17,14,[10  2],18,101,115,83,101
1,<environment.Job instance at 0x7fa6fadc6b40>,25,15,[3 9],26,115,130,89,112
1,<environment.Job instance at 0x7fa6fa41cf00>,26,15,[5 5],27,130,145,103,117
1,<environment.Job instance at 0x7fa6b00633c0>,10,3,[10  4],11,26,29,15,26
1,<environment.Job instance at 0x7fa6b0063730>,16,15,[ 1 10],17,111,126,94,111
1,<environment.Job instance at 0x7fa6fa407c80>,5,17,[9 4],6,79,96,73,79
1,<environment.Job instance at 0x7fa6b0643b90>,11,15,[1 5],12,80,95,68,80
1,<environment.Job instance at 0x7fa6b0063780>,1,16,[10  3],2,96,112,94,84
1,<environment.Job instance at 0x7fa6f9fb7500>,14,13,[8 2],15,112,125,97,96
1,<environment.Job instance at 0x7fa6f9fb7a00>,16,17,[8 2],17,125,142,108,114
1,<environment.Job instance at 0x7fa6f9fb76e0>,13,18,[9 4],14,142,160,128,131
1,<environment.Job instance at 0x7fa6f9fb70a0>,24,16,[ 5 10],25,160,176,135,155
1,<environment.Job instance at 0x7fa6facc59b0>,3,12,[10  3],4,5,17,1,5
1,<environment.Job instance at 0x7fa6fa0f54b0>,6,15,[9 3],7,17,32,10,7
1,<environment.Job instance at 0x7fa6fa0f5640>,8,14,[ 4 10],9,32,46,23,17
1,<environment.Job instance at 0x7fa6fa0f5fa0>,15,2,[3 5],16,86,88,70,86
1,<environment.Job instance at 0x7fa6fa35ac30>,1,14,[4 7],2,88,102,86,87
1,<environment.Job instance at 0x7fa6fa702410>,17,13,[1 9],18,102,115,84,88
1,<environment.Job instance at 0x7fa6fa702eb0>,16,12,[3 5],17,115,127,98,111
1,<environment.Job instance at 0x7fa6fa7021e0>,23,14,[5 4],24,115,129,91,113
1,<environment.Job instance at 0x7fa6fa702280>,24,15,[6 4],25,129,144,104,115
1,<environment.Job instance at 0x7fa6b05a1cd0>,26,17,[ 2 10],27,144,161,117,139
1,<environment.Job instance at 0x7fa6b0472640>,7,14,[7 2],8,14,28,6,14
1,<environment.Job instance at 0x7fa6b0472460>,5,16,[2 9],6,28,44,22,20
1,<environment.Job instance at 0x7fa6b0472f50>,13,15,[3 8],14,95,110,81,95
1,<environment.Job instance at 0x7fa6fa989f50>,16,15,[2 8],17,116,131,99,116
1,<environment.Job instance at 0x7fa6b04a9aa0>,21,18,[4 6],22,163,181,141,163
1,<environment.Job instance at 0x7fa6b0344460>,22,14,[2 6],23,181,195,158,166
1,<environment.Job instance at 0x7fa6fa3c1640>,25,15,[2 7],26,195,210,169,186
1,<environment.Job instance at 0x7fa6fa3c17d0>,26,16,[5 3],27,186,202,159,186
1,<environment.Job instance at 0x7fa6fa3cccd0>,27,16,[2 7],28,210,226,182,197
1,<environment.Job instance at 0x7fa6b0585820>,29,12,[5 9],30,226,238,196,213
1,<environment.Job instance at 0x7fa6b0585230>,31,15,[1 7],32,238,253,206,224
1,<environment.Job instance at 0x7fa6fac49140>,1,17,[1 7],2,2,19,0,2
1,<environment.Job instance at 0x7fa6fa170eb0>,0,12,[5 1],1,4,16,3,4
1,<environment.Job instance at 0x7fa6f9ec0050>,7,17,[3 5],8,21,38,13,21
1,<environment.Job instance at 0x7fa6fafbcb90>,9,15,[7 1],10,22,37,12,22
1,<environment.Job instance at 0x7fa6fafbc2d0>,11,12,[8 4],12,38,50,26,22
1,<environment.Job instance at 0x7fa6fafbcbe0>,14,1,[9 5],15,66,67,51,66
1,<environment.Job instance at 0x7fa6fafbc9b0>,17,16,[ 1 10],18,88,104,70,88
1,<environment.Job instance at 0x7fa6fafbc870>,19,1,[3 9],20,104,105,84,88
1,<environment.Job instance at 0x7fa6fafbc5a0>,21,16,[1 6],22,105,121,83,92
1,<environment.Job instance at 0x7fa6fafbcdc0>,15,17,[ 2 10],16,121,138,105,109
1,<environment.Job instance at 0x7fa6fafbc5f0>,25,18,[9 3],26,217,235,191,217
1,<environment.Job instance at 0x7fa6fafbcc80>,3,16,[6 3],4,4,20,0,4
1,<environment.Job instance at 0x7fa6f9f59b90>,5,1,[7 4],6,20,21,14,6
1,<environment.Job instance at 0x7fa6f9f5b780>,8,14,[8 2],9,21,35,12,9
1,<environment.Job instance at 0x7fa6f9f5b3c0>,9,18,[4 9],10,35,53,25,24
1,<environment.Job instance at 0x7fa6fa402eb0>,8,20,[6 3],9,9,29,0,9
1,<environment.Job instance at 0x7fa6fae02b90>,10,16,[1 5],11,11,27,0,11
1,<environment.Job instance at 0x7fa6fae02190>,14,18,[8 3],15,49,67,34,49
1,<environment.Job instance at 0x7fa6fae022d0>,16,14,[ 4 10],17,67,81,50,52
1,<environment.Job instance at 0x7fa6b0289690>,7,12,[2 5],8,8,20,0,8
1,<environment.Job instance at 0x7fa6b02892d0>,5,12,[5 4],6,9,21,3,9
1,<environment.Job instance at 0x7fa6b0289b40>,8,16,[4 5],9,20,36,11,10
1,<environment.Job instance at 0x7fa6fa3938c0>,13,1,[2 6],14,91,92,77,91
1,<environment.Job instance at 0x7fa6fa393eb0>,18,14,[2 5],19,92,106,73,91
1,<environment.Job instance at 0x7fa6fa393460>,20,13,[1 8],21,106,119,85,91
1,<environment.Job instance at 0x7fa6fa3930a0>,21,20,[5 2],22,92,112,70,92
1,<environment.Job instance at 0x7fa6fa393820>,15,12,[3 9],16,119,131,103,103
1,<environment.Job instance at 0x7fa6fa393730>,24,3,[8 2],25,112,115,87,111
1,<environment.Job instance at 0x7fa6fa393640>,28,14,[5 5],29,139,153,110,139
1,<environment.Job instance at 0x7fa6fa1e0b90>,30,12,[3 5],31,140,152,109,140
1,<environment.Job instance at 0x7fa6fa1e03c0>,32,16,[1 7],33,153,169,120,140
1,<environment.Job instance at 0x7fa6fa1e0be0>,33,1,[ 4 10],34,169,170,135,141
1,<environment.Job instance at 0x7fa6fa1e0960>,35,16,[10  1],36,170,186,134,157
1,<environment.Job instance at 0x7fa6fa1e0cd0>,39,27,[2 8],40,189,216,149,189
1,<environment.Job instance at 0x7fa6fa1e0f00>,41,15,[5 5],42,216,231,174,206
1,<environment.Job instance at 0x7fa6fa1e0050>,46,14,[3 7],47,231,245,184,216
1,<environment.Job instance at 0x7fa6fa59fb40>,10,12,[7 4],11,27,39,16,27
1,<environment.Job instance at 0x7fa6b0081550>,13,12,[2 9],14,39,51,25,31
1,<environment.Job instance at 0x7fa6b057a0f0>,18,18,[1 9],19,72,90,53,72
1,<environment.Job instance at 0x7f00b6aea1e0>,0,17,[6 2],1,6,23,5,6
1,<environment.Job instance at 0x7f00af6db5f0>,7,12,[7 2],8,23,35,15,9
1,<environment.Job instance at 0x7f00af6db3c0>,5,18,[7 5],6,35,53,29,24
1,<environment.Job instance at 0x7f00af6db780>,11,1,[8 4],12,53,54,41,25
1,<environment.Job instance at 0x7f00b6aea0f0>,3,13,[3 8],4,54,67,50,43
1,<environment.Job instance at 0x7f00af6dbb90>,18,18,[3 6],19,67,85,48,56
1,<environment.Job instance at 0x7f00af6dbf50>,22,3,[4 6],23,109,112,86,109
1,<environment.Job instance at 0x7f00af6dc0a0>,25,16,[5 3],26,114,130,88,114
1,<environment.Job instance at 0x7f00af6dbeb0>,23,18,[7 4],24,135,153,111,135
1,<environment.Job instance at 0x7f00af6dc370>,30,15,[8 2],31,153,168,122,139
1,<environment.Job instance at 0x7f00af6dca00>,36,16,[8 1],37,168,184,131,155
1,<environment.Job instance at 0x7f00af6dcb40>,38,16,[1 5],39,155,171,116,155
1,<environment.Job instance at 0x7f00af6dcd20>,41,3,[6 3],42,184,187,142,171
1,<environment.Job instance at 0x7f00af6dc870>,33,16,[9 3],34,187,203,153,176
1,<environment.Job instance at 0x7f00b6aea230>,2,18,[ 3 10],3,204,222,201,204
1,<environment.Job instance at 0x7f00af6fd960>,1,15,[8 1],2,3,18,1,3
1,<environment.Job instance at 0x7f00b6c5f1e0>,11,18,[10  5],12,36,54,24,36
1,<environment.Job instance at 0x7f00b6c5f6e0>,12,14,[5 1],13,54,68,41,39
1,<environment.Job instance at 0x7f00b6c5c460>,8,13,[3 6],9,54,67,45,39
1,<environment.Job instance at 0x7f00b6c504b0>,19,15,[6 2],20,68,83,48,62
1,<environment.Job instance at 0x7f00b6c50d20>,24,13,[2 6],25,86,99,61,86
1,<environment.Job instance at 0x7f00b6c50780>,23,18,[5 5],24,99,117,75,98
1,<environment.Job instance at 0x7f00b6c638c0>,29,14,[3 8],30,117,131,87,111
1,<environment.Job instance at 0x7f00b6c63910>,31,17,[3 8],32,153,170,121,153
1,<environment.Job instance at 0x7f006b9e39b0>,11,22,[6 1],12,12,34,0,12
1,<environment.Job instance at 0x7f006b9bd140>,12,14,[3 5],13,14,28,1,14
1,<environment.Job instance at 0x7f006b9bdd70>,14,16,[8 5],15,34,50,19,23
1,<environment.Job instance at 0x7f006b9e3370>,9,18,[10  2],10,75,93,65,75
1,<environment.Job instance at 0x7f006baad640>,24,2,[10  1],25,93,95,68,88
1,<environment.Job instance at 0x7f006baada00>,25,16,[6 2],26,95,111,69,89
1,<environment.Job instance at 0x7f006baadb40>,30,13,[9 1],31,127,140,96,127
1,<environment.Job instance at 0x7f006baad140>,32,12,[2 7],33,149,161,116,149
1,<environment.Job instance at 0x7f006ba9de60>,35,18,[5 3],36,173,191,137,173
1,<environment.Job instance at 0x7f006bd45b90>,5,22,[7 4],6,8,30,2,8
1,<environment.Job instance at 0x7f006bd45230>,7,12,[5 4],8,30,42,22,25
1,<environment.Job instance at 0x7f006bd458c0>,11,17,[2 6],12,26,43,14,26
1,<environment.Job instance at 0x7f006bad9410>,0,13,[4 9],1,43,56,42,43
1,<environment.Job instance at 0x7f006bb55190>,19,17,[2 8],20,91,108,71,91
1,<environment.Job instance at 0x7f006bb555f0>,21,15,[5 1],22,91,106,69,91
1,<environment.Job instance at 0x7f006bb556e0>,22,16,[3 9],23,108,124,85,95
1,<environment.Job instance at 0x7f006bdc1690>,5,1,[4 9],6,6,7,0,6
1,<environment.Job instance at 0x7f006bdd6960>,6,15,[5 7],7,19,34,12,19
1,<environment.Job instance at 0x7f006bb55fa0>,1,17,[10  4],2,47,64,45,47
1,<environment.Job instance at 0x7f006bdd5230>,19,12,[5 5],20,112,124,92,112
1,<environment.Job instance at 0x7f006bdd5410>,21,15,[4 9],22,124,139,102,117
1,<environment.Job instance at 0x7f006b92c190>,7,1,[4 9],8,21,22,13,21
1,<environment.Job instance at 0x7f006b92c730>,8,12,[3 5],9,43,55,34,43
1,<environment.Job instance at 0x7f006bdd5410>,4,17,[2 6],5,55,72,50,43
1,<environment.Job instance at 0x7f00b6079780>,17,13,[1 8],18,72,85,54,68
1,<environment.Job instance at 0x7f00b60790a0>,19,14,[1 7],20,85,99,65,71
1,<environment.Job instance at 0x7f006b92cc80>,11,17,[4 7],12,99,116,87,87
1,<environment.Job instance at 0x7f006baf9e60>,27,16,[9 4],28,116,132,88,103
1,<environment.Job instance at 0x7f006baf93c0>,30,13,[ 4 10],31,132,145,101,116
1,<environment.Job instance at 0x7f00b6668cd0>,23,18,[ 5 10],24,145,163,121,134
1,<environment.Job instance at 0x7f006baf9cd0>,31,17,[3 9],32,163,180,131,153
1,<environment.Job instance at 0x7f006bb516e0>,36,12,[5 1],37,163,175,126,153
1,<environment.Job instance at 0x7f006ba129b0>,3,19,[2 8],4,11,30,7,11
1,<environment.Job instance at 0x7f00afb788c0>,9,14,[5 1],10,14,28,4,14
1,<environment.Job instance at 0x7f006ba02500>,11,15,[10  3],12,30,45,18,16
1,<environment.Job instance at 0x7f00b660ff50>,15,17,[8 1],16,48,65,32,48
1,<environment.Job instance at 0x7f00b660fd70>,17,12,[6 4],18,65,77,47,49
1,<environment.Job instance at 0x7f00af94b550>,20,1,[7 3],21,77,78,56,49
1,<environment.Job instance at 0x7f00af94bc30>,22,14,[4 7],23,78,92,55,73
1,<environment.Job instance at 0x7f00b660f820>,13,14,[7 5],14,92,106,78,77
1,<environment.Job instance at 0x7f00af80ad70>,25,14,[ 2 10],26,106,120,80,98
1,<environment.Job instance at 0x7f006be0e820>,27,16,[ 3 10],28,120,136,92,108
1,<environment.Job instance at 0x7f00afb1a870>,32,13,[ 3 10],33,136,149,103,124
1,<environment.Job instance at 0x7f006b92d910>,34,18,[9 5],35,149,167,114,138
1,<environment.Job instance at 0x7f006b92d190>,41,13,[5 5],42,167,180,125,154
1,<environment.Job instance at 0x7f00b62fa320>,51,2,[5 9],52,207,209,155,207
1,<environment.Job instance at 0x7f00b62fafa0>,54,14,[5 1],55,256,270,201,256
1,<environment.Job instance at 0x7f00b64b5f50>,57,18,[4 7],58,1868,1886,1810,1868
1,<environment.Job instance at 0x7f00b5f667d0>,60,12,[7 1],61,1886,1898,1825,1871
1,<environment.Job instance at 0x7f00af49e1e0>,65,17,[7 4],66,2612,2629,2546,2612
1,<environment.Job instance at 0x7f00af4aff50>,6,14,[10  2],7,21,35,14,21
1,<environment.Job instance at 0x7f00af4830f0>,13,20,[5 7],14,43,63,29,43
1,<environment.Job instance at 0x7f00af483730>,16,15,[2 8],17,63,78,46,62
1,<environment.Job instance at 0x7f00af483690>,15,18,[6 1],16,86,104,70,86
1,<environment.Job instance at 0x7f00af4834b0>,12,12,[3 9],13,87,99,74,87
1,<environment.Job instance at 0x7f00af483050>,18,12,[6 1],19,104,116,85,87
1,<environment.Job instance at 0x7f00af483b40>,23,16,[1 7],24,99,115,75,87
1,<environment.Job instance at 0x7f00af4835f0>,14,16,[4 8],15,115,131,100,103
1,<environment.Job instance at 0x7f00af483fa0>,28,16,[5 1],29,116,132,87,107
1,<environment.Job instance at 0x7f00af483d20>,25,18,[2 7],26,163,181,137,163
1,<environment.Job instance at 0x7f00af483dc0>,26,15,[4 7],27,207,222,180,207
1,<environment.Job instance at 0x7f00af4a5a00>,44,18,[2 7],45,222,240,177,217
1,<environment.Job instance at 0x7f00af4a5b40>,46,18,[3 8],47,240,258,193,232
1,<environment.Job instance at 0x7f006be26820>,2,12,[ 1 10],3,3,15,0,3
1,<environment.Job instance at 0x7f00af4a5dc0>,5,17,[2 5],6,15,32,9,8
1,<environment.Job instance at 0x7f006bd2cf00>,9,12,[10  4],10,47,59,37,47
1,<environment.Job instance at 0x7f00b5f41190>,15,16,[9 3],16,72,88,56,72
1,<environment.Job instance at 0x7f00b5f41e60>,17,16,[3 8],18,92,108,74,92
1,<environment.Job instance at 0x7f00af51e640>,19,18,[9 2],20,113,131,93,113
1,<environment.Job instance at 0x7f006be7a730>,24,14,[4 8],25,174,188,149,174
1,<environment.Job instance at 0x7f006bfc9410>,13,15,[ 1 10],14,188,203,174,186
1,<environment.Job instance at 0x7f00b634e3c0>,0,1,[3 9],1,1,2,0,1
1,<environment.Job instance at 0x7f00af653550>,9,16,[1 7],10,23,39,13,23
1,<environment.Job instance at 0x7f006c065140>,12,2,[ 1 10],13,39,41,26,25
1,<environment.Job instance at 0x7f00af6530a0>,13,17,[5 7],14,41,58,27,29
1,<environment.Job instance at 0x7f00afa7ef00>,4,2,[1 7],5,6,8,1,6
1,<environment.Job instance at 0x7f00b6174e10>,1,13,[6 5],2,8,21,6,8
1,<environment.Job instance at 0x7f006b8a8730>,6,17,[5 8],7,26,43,19,26
1,<environment.Job instance at 0x7f006b8a8aa0>,11,14,[4 7],12,43,57,31,34
1,<environment.Job instance at 0x7f006bbf09b0>,13,12,[10  3],14,57,69,43,42
1,<environment.Job instance at 0x7f006bbf0320>,17,16,[6 1],18,69,85,51,56
1,<environment.Job instance at 0x7f006bee0910>,7,14,[7 2],8,19,33,11,19
1,<environment.Job instance at 0x7f00af93d280>,5,16,[2 9],6,33,49,27,29
1,<environment.Job instance at 0x7f006b73c9b0>,16,15,[2 8],17,116,131,99,116
1,<environment.Job instance at 0x7f00b618d780>,21,18,[4 6],22,163,181,141,163
1,<environment.Job instance at 0x7f006b76ff50>,25,15,[2 7],26,181,196,155,167
1,<environment.Job instance at 0x7f006b76f0f0>,26,16,[5 3],27,167,183,140,167
1,<environment.Job instance at 0x7f006b81c690>,28,13,[ 3 10],29,196,209,167,180
1,<environment.Job instance at 0x7f00b6b385f0>,35,18,[2 5],36,213,231,177,213
1,<environment.Job instance at 0x7f00b608df50>,2,15,[5 1],3,3,18,0,3
1,<environment.Job instance at 0x7f00b6416be0>,3,12,[6 5],4,18,30,14,5
1,<environment.Job instance at 0x7f006b77baf0>,9,2,[2 6],10,13,15,3,13
1,<environment.Job instance at 0x7f00af8e8690>,0,12,[1 9],1,30,42,29,15
1,<environment.Job instance at 0x7f006b77be60>,10,15,[1 8],11,42,57,31,35
1,<environment.Job instance at 0x7f00af450d70>,7,16,[8 4],8,57,73,49,46
1,<environment.Job instance at 0x7f00af457730>,19,16,[ 5 10],20,84,100,64,84
1,<environment.Job instance at 0x7f00af448a00>,22,15,[5 7],23,100,115,77,86
1,<environment.Job instance at 0x7f00af868f00>,0,17,[5 4],1,8,25,7,8
1,<environment.Job instance at 0x7f006b72c1e0>,6,16,[3 8],7,25,41,18,12
1,<environment.Job instance at 0x7f00af5e24b0>,7,14,[6 2],8,25,39,17,20
1,<environment.Job instance at 0x7f006b969780>,12,1,[3 9],13,41,42,28,21
1,<environment.Job instance at 0x7f00b6389aa0>,5,18,[9 3],6,42,60,36,33
1,<environment.Job instance at 0x7f006bbd36e0>,15,14,[5 6],16,153,167,137,153
1,<environment.Job instance at 0x7f006c074550>,17,16,[3 9],18,167,183,149,154
1,<environment.Job instance at 0x7f00af726c30>,8,16,[6 1],9,21,37,12,21
1,<environment.Job instance at 0x7f00af726eb0>,11,14,[6 1],12,37,51,25,22
1,<environment.Job instance at 0x7f00af726550>,13,1,[9 3],14,51,52,37,24
1,<environment.Job instance at 0x7f00af726a00>,16,16,[4 6],17,52,68,35,48
1,<environment.Job instance at 0x7f00b64b3690>,18,15,[2 8],19,68,83,49,54
1,<environment.Job instance at 0x7f00b64b3e60>,23,13,[9 4],24,83,96,59,68
1,<environment.Job instance at 0x7f00b646f5f0>,4,13,[1 6],5,27,40,22,27
1,<environment.Job instance at 0x7f00af627cd0>,2,20,[9 1],3,27,47,24,27
1,<environment.Job instance at 0x7f00b63436e0>,13,13,[1 7],14,70,83,56,70
1,<environment.Job instance at 0x7f00b6343140>,14,15,[6 1],15,71,86,56,71
1,<environment.Job instance at 0x7f00b6c63730>,11,16,[2 5],12,83,99,71,73
1,<environment.Job instance at 0x7f00b63e29b0>,20,20,[4 7],21,101,121,80,101
1,<environment.Job instance at 0x7f00b6343500>,12,17,[9 4],13,121,138,108,112
1,<environment.Job instance at 0x7f00af6b0d70>,3,17,[2 8],4,144,161,140,144
1,<environment.Job instance at 0x7f00af66d730>,27,14,[ 4 10],28,161,175,133,148
1,<environment.Job instance at 0x7f006b73ceb0>,34,3,[6 4],35,195,198,160,195
1,<environment.Job instance at 0x7f00af482e10>,30,18,[3 8],31,198,216,167,195
1,<environment.Job instance at 0x7f006bcd7b90>,17,2,[7 1],18,116,118,98,116
1,<environment.Job instance at 0x7f006bcd7cd0>,19,13,[9 1],20,118,131,98,117
1,<environment.Job instance at 0x7f006bcd7eb0>,22,15,[3 5],23,143,158,120,143
1,<environment.Job instance at 0x7f00af6bf190>,6,3,[5 1],7,7,10,0,7
1,<environment.Job instance at 0x7f00af6bfeb0>,1,12,[1 9],2,10,22,8,10
1,<environment.Job instance at 0x7f00afb1c8c0>,10,3,[7 2],11,22,25,11,11
1,<environment.Job instance at 0x7f006bcd6050>,4,17,[9 5],5,75,92,70,75
1,<environment.Job instance at 0x7f00af888870>,17,12,[10  2],18,92,104,74,76
1,<environment.Job instance at 0x7f006b872d70>,20,16,[6 1],21,104,120,83,91
1,<environment.Job instance at 0x7f00af444aa0>,21,3,[3 7],22,104,107,82,91
1,<environment.Job instance at 0x7f00af888910>,22,13,[1 9],23,107,120,84,98
1,<environment.Job instance at 0x7f006b8325f0>,26,14,[10  4],27,120,134,93,109
1,<environment.Job instance at 0x7f00b5fb8dc0>,28,17,[ 2 10],29,134,151,105,125
1,<environment.Job instance at 0x7f00af888eb0>,19,18,[ 1 10],20,151,169,131,145
1,<environment.Job instance at 0x7f00b5facc30>,32,18,[5 5],33,169,187,136,158
1,<environment.Job instance at 0x7f00afb37d20>,36,15,[ 2 10],37,187,202,150,173
1,<environment.Job instance at 0x7f006bbd8690>,40,14,[6 3],41,202,216,161,187
1,<environment.Job instance at 0x7f00af856dc0>,42,18,[6 5],43,216,234,173,205
1,<environment.Job instance at 0x7f00af866730>,44,14,[10  5],45,234,248,189,219
1,<environment.Job instance at 0x7f00af79a140>,17,16,[6 3],18,84,100,66,84
1,<environment.Job instance at 0x7f00b67be410>,21,15,[4 5],22,112,127,90,112
1,<environment.Job instance at 0x7f00b653d820>,22,14,[10  5],23,127,141,104,122
1,<environment.Job instance at 0x7f00b62b25a0>,23,16,[7 1],24,141,157,117,128
1,<environment.Job instance at 0x7f00b62b2870>,25,15,[10  4],26,157,172,131,144
1,<environment.Job instance at 0x7f00b635db90>,26,18,[5 9],27,185,203,158,185
1,<environment.Job instance at 0x7f006bee85a0>,28,15,[10  3],29,203,218,174,196
1,<environment.Job instance at 0x7f00af6b0be0>,29,18,[4 6],30,218,236,188,210
1,<environment.Job instance at 0x7f006bf61aa0>,33,12,[4 8],34,236,248,202,226
1,<environment.Job instance at 0x7fd50538f550>,7,12,[7 2],8,43,55,35,43
1,<environment.Job instance at 0x7fd50538f780>,10,14,[1 6],11,43,57,32,43
1,<environment.Job instance at 0x7fd50538f960>,13,15,[4 5],14,57,72,43,43
1,<environment.Job instance at 0x7fd50538f370>,5,18,[7 5],6,72,90,66,66
1,<environment.Job instance at 0x7fd50879e140>,3,13,[3 8],4,90,103,86,74
1,<environment.Job instance at 0x7fd50538ff50>,22,3,[4 6],23,128,131,105,128
1,<environment.Job instance at 0x7fd50538fcd0>,23,18,[7 4],24,131,149,107,128
1,<environment.Job instance at 0x7fd50538fc80>,18,18,[3 6],19,131,149,112,128
1,<environment.Job instance at 0x7fd5053912d0>,29,24,[5 1],30,158,182,128,158
1,<environment.Job instance at 0x7fd5053914b0>,32,14,[8 3],33,182,196,149,181
1,<environment.Job instance at 0x7fd505391690>,35,3,[9 5],36,196,199,160,181
1,<environment.Job instance at 0x7fd5053917d0>,37,15,[2 5],38,199,214,161,185
1,<environment.Job instance at 0x7fd505391870>,38,16,[1 5],39,185,201,146,185
1,<environment.Job instance at 0x7fd505391a50>,41,3,[6 3],42,201,204,159,197
1,<environment.Job instance at 0x7fd505391550>,33,16,[9 3],34,214,230,180,204
1,<environment.Job instance at 0x7fd508826e60>,2,18,[ 3 10],3,230,248,227,226
1,<environment.Job instance at 0x7fd505335320>,1,18,[10  5],2,5,23,3,5
1,<environment.Job instance at 0x7fd4bd77ee60>,13,18,[5 5],14,44,62,30,44
1,<environment.Job instance at 0x7fd4bd75f0f0>,16,16,[6 2],17,62,78,45,49
1,<environment.Job instance at 0x7fd4bd75f5f0>,19,14,[3 8],20,62,76,42,59
1,<environment.Job instance at 0x7fd4bd75f1e0>,21,17,[3 8],22,76,93,54,64
1,<environment.Job instance at 0x7fd4bd78c9b0>,24,14,[ 4 10],25,93,107,68,78
1,<environment.Job instance at 0x7fd5087c5c30>,0,3,[5 4],1,2,5,1,2
1,<environment.Job instance at 0x7fd4bd657f00>,4,2,[10  1],5,5,7,0,5
1,<environment.Job instance at 0x7fd5087c5370>,5,16,[6 2],6,7,23,1,6
1,<environment.Job instance at 0x7fd505598730>,9,16,[7 2],10,33,49,23,33
1,<environment.Job instance at 0x7fd4bd6366e0>,12,12,[2 7],13,52,64,39,52
1,<environment.Job instance at 0x7fd5089175f0>,17,26,[7 1],18,76,102,58,76
1,<environment.Job instance at 0x7fd4bd75f690>,15,18,[5 3],16,102,120,86,91
1,<environment.Job instance at 0x7fd4bd762e60>,22,2,[8 1],23,330,332,307,330
1,<environment.Job instance at 0x7fd508917910>,23,1,[10  2],24,332,333,308,330
1,<environment.Job instance at 0x7fd507b87d20>,26,14,[5 3],27,333,347,306,330
1,<environment.Job instance at 0x7fd4bd64fdc0>,27,14,[8 5],28,347,361,319,332
1,<environment.Job instance at 0x7fd50832feb0>,4,2,[2 8],5,5,7,0,5
1,<environment.Job instance at 0x7fd5054dae60>,0,16,[2 7],1,7,23,6,5
1,<environment.Job instance at 0x7fd505478640>,7,14,[5 9],8,23,37,15,10
1,<environment.Job instance at 0x7fd505478fa0>,4,3,[1 6],5,5,8,0,5
1,<environment.Job instance at 0x7fd4bd9b0320>,7,14,[7 5],8,26,40,18,26
1,<environment.Job instance at 0x7fd4bd9b09b0>,8,12,[6 1],9,40,52,31,26
1,<environment.Job instance at 0x7fd4bda59370>,10,3,[5 1],11,52,55,41,26
1,<environment.Job instance at 0x7fd505185460>,13,16,[5 1],14,52,68,38,39
1,<environment.Job instance at 0x7fd505185140>,12,14,[9 5],13,78,92,65,78
1,<environment.Job instance at 0x7fd4bdc34d20>,20,12,[8 2],21,117,129,96,117
1,<environment.Job instance at 0x7fd4bdd4da50>,8,15,[3 7],9,28,43,19,28
1,<environment.Job instance at 0x7fd4bdd4d730>,7,12,[1 7],8,53,65,45,53
1,<environment.Job instance at 0x7fd4bdd4d460>,11,16,[5 1],12,53,69,41,53
1,<environment.Job instance at 0x7fd4bdd4da00>,13,14,[4 5],14,65,79,51,53
1,<environment.Job instance at 0x7fd4bdd47eb0>,16,14,[1 7],17,79,93,62,66
1,<environment.Job instance at 0x7fd4bdd47870>,19,14,[5 7],20,93,107,73,78
1,<environment.Job instance at 0x7fd4bdd47be0>,20,15,[6 2],21,78,93,57,78
1,<environment.Job instance at 0x7fd507c35fa0>,4,15,[6 2],5,7,22,2,7
1,<environment.Job instance at 0x7fd508239410>,8,17,[3 5],9,9,26,0,9
1,<environment.Job instance at 0x7fd507c75730>,1,18,[8 3],2,26,44,24,15
1,<environment.Job instance at 0x7fd507cf9780>,9,16,[3 9],10,44,60,34,31
1,<environment.Job instance at 0x7fd507fb4a00>,17,18,[1 8],18,1487,1505,1469,1487
1,<environment.Job instance at 0x7fd507c9b320>,19,16,[6 5],20,1505,1521,1485,1492
1,<environment.Job instance at 0x7fd507c9b140>,21,14,[ 1 10],22,1521,1535,1499,1509
1,<environment.Job instance at 0x7fd507f75a00>,24,14,[1 7],25,1535,1549,1510,1520
1,<environment.Job instance at 0x7fd5054f9c30>,2,18,[9 5],3,4,22,1,4
1,<environment.Job instance at 0x7fd4bd753cd0>,17,1,[2 5],18,77,78,59,77
1,<environment.Job instance at 0x7fd4bd753e10>,19,18,[10  2],20,82,100,62,82
1,<environment.Job instance at 0x7fd4bd753690>,24,17,[2 6],25,107,124,82,107
1,<environment.Job instance at 0x7fd4bd7522d0>,26,13,[1 5],27,133,146,106,133
1,<environment.Job instance at 0x7fd4bd7533c0>,6,16,[1 9],7,149,165,142,149
1,<environment.Job instance at 0x7fd4bd7525a0>,31,17,[3 5],32,165,182,133,153
1,<environment.Job instance at 0x7fd4bd752780>,34,15,[4 5],35,165,180,130,157
1,<environment.Job instance at 0x7fd4bd752780>,3,13,[4 5],4,4,17,0,4
1,<environment.Job instance at 0x7fd4bd968f00>,2,14,[1 7],3,23,37,20,23
1,<environment.Job instance at 0x7fd50541b780>,11,2,[7 4],12,37,39,25,24
1,<environment.Job instance at 0x7fd50541baf0>,12,2,[4 6],13,39,41,26,24
1,<environment.Job instance at 0x7fd50541b9b0>,15,15,[1 6],16,45,60,29,45
1,<environment.Job instance at 0x7fd50541ba50>,16,16,[4 6],17,60,76,43,47
1,<environment.Job instance at 0x7fd4bd885460>,7,16,[1 8],8,52,68,44,52
1,<environment.Job instance at 0x7fd505289fa0>,1,16,[8 3],2,68,84,66,56
1,<environment.Job instance at 0x7fd50531ac80>,15,16,[7 2],16,84,100,68,71
1,<environment.Job instance at 0x7fd507f87e60>,16,12,[3 8],17,84,96,67,71
1,<environment.Job instance at 0x7fd5051ab960>,14,17,[8 4],15,100,117,85,88
1,<environment.Job instance at 0x7fd4bd8995a0>,21,16,[1 6],22,102,118,80,102
1,<environment.Job instance at 0x7fd505328d20>,23,15,[7 2],24,117,132,93,104
1,<environment.Job instance at 0x7fd505328320>,25,17,[8 5],26,132,149,106,120
1,<environment.Job instance at 0x7fd4bd81d230>,27,16,[5 4],28,149,165,121,136
1,<environment.Job instance at 0x7fd507c2b410>,0,18,[7 1],1,4,22,3,4
1,<environment.Job instance at 0x7fd50532d2d0>,3,17,[3 7],4,17,34,13,17
1,<environment.Job instance at 0x7fd507d7b370>,11,18,[ 4 10],12,40,58,28,40
1,<environment.Job instance at 0x7fd4bd5835a0>,3,12,[5 4],4,4,16,0,4
1,<environment.Job instance at 0x7fd5054a37d0>,1,15,[3 9],2,16,31,14,4
1,<environment.Job instance at 0x7fd4bd583820>,6,15,[ 5 10],7,46,61,39,46
1,<environment.Job instance at 0x7fd4bd5830f0>,10,15,[10  1],11,61,76,50,47
1,<environment.Job instance at 0x7fd5057688c0>,14,15,[9 3],15,76,91,61,63
1,<environment.Job instance at 0x7fd505768cd0>,18,15,[ 1 10],19,91,106,72,88
1,<environment.Job instance at 0x7fd507cec410>,1,17,[1 7],2,5,22,3,5
1,<environment.Job instance at 0x7fd4bd432280>,7,14,[6 2],8,8,22,0,8
1,<environment.Job instance at 0x7fd4bd432eb0>,0,17,[5 4],1,22,39,21,11
1,<environment.Job instance at 0x7fd4bdcb8c30>,12,1,[3 9],13,39,40,26,19
1,<environment.Job instance at 0x7fd507ee9b40>,5,18,[9 3],6,40,58,34,30
1,<environment.Job instance at 0x7fd505154a00>,15,14,[5 6],16,58,72,42,48
1,<environment.Job instance at 0x7fd507f70b40>,8,15,[2 8],9,9,24,0,9
1,<environment.Job instance at 0x7fd4bd75b6e0>,11,13,[8 5],12,26,39,14,26
1,<environment.Job instance at 0x7fd4bd6bce10>,12,16,[5 5],13,39,55,26,28
1,<environment.Job instance at 0x7fd5051e99b0>,17,16,[1 6],18,55,71,37,48
1,<environment.Job instance at 0x7fd507fd5460>,18,16,[10  1],19,71,87,52,58
1,<environment.Job instance at 0x7fd50527a280>,26,15,[8 2],27,87,102,60,81
1,<environment.Job instance at 0x7fd50529ca00>,28,18,[8 3],29,102,120,73,100
1,<environment.Job instance at 0x7fd50529ce60>,33,2,[9 2],34,148,150,114,148
1,<environment.Job instance at 0x7fd5055c8050>,6,17,[8 4],7,8,25,1,8
1,<environment.Job instance at 0x7fd5055c8f50>,7,14,[ 4 10],8,25,39,17,10
1,<environment.Job instance at 0x7fd5057c0f00>,14,3,[6 4],15,77,80,62,77
1,<environment.Job instance at 0x7fd50529ce60>,2,12,[4 7],3,80,92,77,77
1,<environment.Job instance at 0x7fd5057c0320>,16,15,[9 4],17,92,107,75,78
1,<environment.Job instance at 0x7fd5080a9dc0>,3,21,[5 1],4,7,28,3,7
1,<environment.Job instance at 0x7fd50523ce10>,9,14,[3 8],10,10,24,0,10
1,<environment.Job instance at 0x7fd50818b370>,10,15,[3 7],11,24,39,13,12
1,<environment.Job instance at 0x7fd50523c8c0>,8,17,[8 1],9,39,56,30,28
1,<environment.Job instance at 0x7fd4bd5b8320>,2,18,[6 5],3,3,21,0,3
1,<environment.Job instance at 0x7fd50818b0f0>,4,14,[10  5],5,21,35,16,8
1,<environment.Job instance at 0x7fd507fd8aa0>,6,13,[1 6],7,35,48,28,20
1,<environment.Job instance at 0x7fd4bd5b8be0>,0,14,[6 3],1,35,49,34,20
1,<environment.Job instance at 0x7fd507fd90a0>,14,16,[ 3 10],15,49,65,34,38
1,<environment.Job instance at 0x7fd507fd9550>,16,13,[1 8],17,65,78,48,52
1,<environment.Job instance at 0x7fd50581e370>,2,12,[7 2],3,30,42,27,30
1,<environment.Job instance at 0x7fd50581e640>,8,2,[7 1],9,42,44,33,30
1,<environment.Job instance at 0x7fd50581e820>,11,12,[5 9],12,44,56,32,33
1,<environment.Job instance at 0x7fd507bbb230>,14,12,[2 9],15,56,68,41,56
1,<environment.Job instance at 0x7fd507bbb0f0>,15,13,[2 8],16,68,81,52,56
1,<environment.Job instance at 0x7fd4bd4ba640>,21,17,[10  5],22,110,127,88,110
1,<environment.Job instance at 0x7fd4bd762140>,5,18,[5 4],6,6,24,0,6
1,<environment.Job instance at 0x7fd505423d20>,6,18,[6 4],7,24,42,17,13
1,<environment.Job instance at 0x7fd505423910>,9,12,[8 4],10,42,54,32,29
1,<environment.Job instance at 0x7fd5054239b0>,10,12,[10  3],11,54,66,43,47
1,<environment.Job instance at 0x7f0592090370>,5,18,[7 5],6,8,26,2,8
1,<environment.Job instance at 0x7f05920905a0>,7,12,[7 2],8,26,38,18,24
1,<environment.Job instance at 0x7f05920907d0>,10,14,[1 6],11,26,40,15,24
1,<environment.Job instance at 0x7f0592090640>,11,1,[8 4],12,38,39,26,24
1,<environment.Job instance at 0x7f0592090870>,13,15,[4 5],14,46,61,32,46
1,<environment.Job instance at 0x7f05920909b0>,15,20,[3 5],16,46,66,30,46
1,<environment.Job instance at 0x7f0592091370>,25,16,[5 3],26,89,105,63,89
1,<environment.Job instance at 0x7f0592091780>,32,14,[8 3],33,124,138,91,124
1,<environment.Job instance at 0x7f0592091820>,33,16,[9 3],34,138,154,104,126
1,<environment.Job instance at 0x7f0592091960>,35,3,[9 5],36,154,157,118,133
1,<environment.Job instance at 0x7f0592091b40>,38,16,[1 5],39,177,193,138,177
1,<environment.Job instance at 0x7f0592091e60>,41,3,[6 3],42,177,180,135,177
1,<environment.Job instance at 0x7f0592038aa0>,0,15,[6 2],1,4,19,3,4
1,<environment.Job instance at 0x7f0592096550>,3,18,[5 5],4,33,51,29,33
1,<environment.Job instance at 0x7f054c48eb90>,11,17,[3 8],12,51,68,39,39
1,<environment.Job instance at 0x7f054c48f050>,3,1,[10  2],4,4,5,0,4
1,<environment.Job instance at 0x7f05920982d0>,1,15,[4 8],2,23,38,21,23
1,<environment.Job instance at 0x7f054c2e3b90>,7,14,[8 5],8,48,62,40,48
1,<environment.Job instance at 0x7f054c3cbf00>,14,1,[10  3],15,62,63,47,48
1,<environment.Job instance at 0x7f054c3cb190>,15,13,[7 1],16,63,76,47,48
1,<environment.Job instance at 0x7f054c3cbd20>,18,15,[2 8],19,69,84,50,69
1,<environment.Job instance at 0x7f0597615320>,19,14,[2 9],20,84,98,64,69
1,<environment.Job instance at 0x7f0591e6dfa0>,23,14,[ 3 10],24,98,112,74,84
1,<environment.Job instance at 0x7f054c3cb1e0>,22,17,[4 8],23,112,129,89,100
1,<environment.Job instance at 0x7f059219a6e0>,4,12,[3 5],5,6,18,1,6
1,<environment.Job instance at 0x7f0597663960>,1,16,[1 8],2,58,74,56,58
1,<environment.Job instance at 0x7f05923d5780>,13,14,[8 1],14,80,94,66,80
1,<environment.Job instance at 0x7f05923d56e0>,12,18,[2 8],13,83,101,70,83
1,<environment.Job instance at 0x7f0594dab190>,14,12,[ 1 10],15,101,113,86,84
1,<environment.Job instance at 0x7f0594c3aaa0>,17,17,[7 4],18,113,130,95,101
1,<environment.Job instance at 0x7f05949ffd70>,18,2,[7 2],19,130,132,111,103
1,<environment.Job instance at 0x7f05949fff00>,20,13,[6 5],21,132,145,111,116
1,<environment.Job instance at 0x7f05922e0b90>,15,17,[9 1],16,145,162,129,142
1,<environment.Job instance at 0x7f05947d3d20>,1,17,[2 7],2,25,42,23,25
1,<environment.Job instance at 0x7f0591efc870>,16,12,[ 3 10],17,96,108,79,96
1,<environment.Job instance at 0x7f0594b84820>,17,17,[4 5],18,108,125,90,96
1,<environment.Job instance at 0x7f0592008a00>,18,13,[8 5],19,125,138,106,109
1,<environment.Job instance at 0x7f054c66c320>,10,12,[2 7],11,68,80,57,68
1,<environment.Job instance at 0x7f05947ac870>,12,18,[4 6],13,80,98,67,69
1,<environment.Job instance at 0x7f054c66ccd0>,9,12,[10  1],10,98,110,88,89
1,<environment.Job instance at 0x7f05947ac7d0>,17,13,[7 4],18,110,123,92,94
1,<environment.Job instance at 0x7f054c66c870>,11,14,[ 4 10],12,123,137,111,113
1,<environment.Job instance at 0x7f05947ac820>,19,17,[1 8],20,137,154,117,125
1,<environment.Job instance at 0x7f05947ac1e0>,23,16,[7 2],24,137,153,113,137
1,<environment.Job instance at 0x7f054c66bcd0>,25,16,[5 7],26,154,170,128,141
1,<environment.Job instance at 0x7f054c66b960>,26,3,[4 8],27,170,173,143,144
1,<environment.Job instance at 0x7f054c66bf00>,28,2,[1 6],29,173,175,144,157
1,<environment.Job instance at 0x7f054c66bb90>,27,13,[5 5],28,175,188,147,159
1,<environment.Job instance at 0x7f0592152af0>,32,3,[2 6],33,188,191,155,183
1,<environment.Job instance at 0x7f0592152780>,33,19,[2 8],34,191,210,157,186
1,<environment.Job instance at 0x7f0594bed960>,4,16,[7 2],5,53,69,48,53
1,<environment.Job instance at 0x7f0594bedfa0>,8,17,[3 6],9,77,94,68,77
1,<environment.Job instance at 0x7f0594bd9e10>,13,20,[1 8],14,94,114,80,87
1,<environment.Job instance at 0x7f054c2ea5f0>,15,13,[7 4],16,114,127,98,99
1,<environment.Job instance at 0x7f0594bedb40>,11,14,[10  2],12,141,155,129,141
1,<environment.Job instance at 0x7f0591fad8c0>,20,18,[2 7],21,162,180,141,162
1,<environment.Job instance at 0x7f054c48eb40>,25,18,[6 1],26,162,180,136,162
1,<environment.Job instance at 0x7f05921af3c0>,26,15,[2 8],27,180,195,153,167
1,<environment.Job instance at 0x7f054c483280>,28,12,[6 1],29,180,192,151,167
1,<environment.Job instance at 0x7f0594c83870>,31,16,[10  5],32,195,211,163,186
1,<environment.Job instance at 0x7f0591fe3b40>,34,14,[2 7],35,211,225,176,196
1,<environment.Job instance at 0x7f0594bdce10>,35,18,[2 7],36,225,243,189,214
1,<environment.Job instance at 0x7f0592044cd0>,38,16,[5 1],39,216,232,177,216
1,<environment.Job instance at 0x7f0591f41e60>,40,13,[8 2],41,232,245,191,221
1,<environment.Job instance at 0x7f0591f41460>,46,13,[1 8],47,436,449,389,436
1,<environment.Job instance at 0x7f0591f41aa0>,52,12,[7 3],53,2089,2101,2036,2089
1,<environment.Job instance at 0x7f0591f41dc0>,54,18,[2 7],55,2109,2127,2054,2109
1,<environment.Job instance at 0x7f054c5eee60>,57,2,[5 7],58,2127,2129,2069,2110
1,<environment.Job instance at 0x7f054c5ee640>,58,14,[ 4 10],59,2129,2143,2070,2114
1,<environment.Job instance at 0x7f05923abaa0>,4,12,[4 6],5,5,17,0,5
1,<environment.Job instance at 0x7f0591e409b0>,5,13,[2 6],6,17,30,11,6
1,<environment.Job instance at 0x7f0591e40a00>,7,15,[8 4],8,21,36,13,21
1,<environment.Job instance at 0x7f0591e40c80>,11,18,[6 4],12,36,54,24,25
1,<environment.Job instance at 0x7f0591e40f00>,14,13,[3 9],15,54,67,39,48
1,<environment.Job instance at 0x7f0591e690f0>,16,21,[8 3],17,76,97,59,76
1,<environment.Job instance at 0x7f0591e691e0>,19,2,[5 1],20,129,131,109,129
1,<environment.Job instance at 0x7f05923baaa0>,10,3,[10  4],11,48,51,37,48
1,<environment.Job instance at 0x7f05923ba190>,11,13,[8 4],12,51,64,39,48
1,<environment.Job instance at 0x7f054c2e8730>,16,15,[ 1 10],17,177,192,160,177
1,<environment.Job instance at 0x7f059233c8c0>,3,15,[2 6],4,19,34,15,19
1,<environment.Job instance at 0x7f054c6e0460>,1,13,[5 4],2,35,48,33,35
1,<environment.Job instance at 0x7f059233c280>,5,18,[10  2],6,97,115,91,97
1,<environment.Job instance at 0x7f054c99a1e0>,15,12,[2 9],16,115,127,99,98
1,<environment.Job instance at 0x7f05921bf9b0>,4,13,[5 6],5,7,20,2,7
1,<environment.Job instance at 0x7f054c46f0f0>,8,15,[7 3],9,20,35,11,9
1,<environment.Job instance at 0x7f054c46f5a0>,6,13,[9 3],7,35,48,28,20
1,<environment.Job instance at 0x7f05923f3050>,16,13,[9 3],17,51,64,34,51
1,<environment.Job instance at 0x7f05923ef9b0>,17,1,[1 7],18,51,52,33,51
1,<environment.Job instance at 0x7f05923cd0a0>,18,20,[5 1],19,64,84,45,55
1,<environment.Job instance at 0x7f0594a1b500>,21,12,[2 5],22,64,76,42,56
1,<environment.Job instance at 0x7f054c332690>,24,17,[8 5],25,94,111,69,94
1,<environment.Job instance at 0x7f054c37ca00>,29,1,[4 9],30,162,163,132,162
1,<environment.Job instance at 0x7f054c37ca00>,3,17,[8 3],4,4,21,0,4
1,<environment.Job instance at 0x7f0594831be0>,5,12,[7 2],6,21,33,15,8
1,<environment.Job instance at 0x7f054c6de320>,11,14,[6 3],12,34,48,22,34
1,<environment.Job instance at 0x7f054c6de0f0>,13,15,[1 8],14,48,63,34,36
1,<environment.Job instance at 0x7f0594c773c0>,7,16,[3 5],8,97,113,89,97
1,<environment.Job instance at 0x7f054c53af50>,19,13,[5 8],20,113,126,93,97
1,<environment.Job instance at 0x7f054c53aaf0>,23,12,[7 5],24,126,138,102,116
1,<environment.Job instance at 0x7f054c53a320>,24,14,[7 5],25,138,152,113,136
1,<environment.Job instance at 0x7f0592166cd0>,31,17,[1 7],32,197,214,165,197
1,<environment.Job instance at 0x7f05924f8dc0>,5,17,[8 2],6,21,38,15,21
1,<environment.Job instance at 0x7f05924f8f00>,11,12,[8 4],12,38,50,26,21
1,<environment.Job instance at 0x7f05924f89b0>,12,2,[4 7],13,50,52,37,23
1,<environment.Job instance at 0x7f05924f8f50>,9,15,[7 1],10,52,67,42,43
1,<environment.Job instance at 0x7f05924f8780>,7,17,[3 5],8,52,69,44,46
1,<environment.Job instance at 0x7f0591f9ed20>,21,16,[1 6],22,69,85,47,65
1,<environment.Job instance at 0x7f0594b884b0>,22,12,[2 8],23,85,97,62,68
1,<environment.Job instance at 0x7f0594b88960>,17,16,[ 1 10],18,97,113,79,90
1,<environment.Job instance at 0x7f0594a68f50>,27,14,[6 2],28,113,127,85,113
1,<environment.Job instance at 0x7f0594b88410>,15,17,[ 2 10],16,127,144,111,118
1,<environment.Job instance at 0x7f054c645f50>,4,14,[7 5],5,5,19,0,5
1,<environment.Job instance at 0x7f054c645f00>,2,17,[3 5],3,21,38,18,21
1,<environment.Job instance at 0x7f054c643320>,8,16,[6 1],9,31,47,22,31
1,<environment.Job instance at 0x7f054c643500>,11,14,[6 1],12,47,61,35,33
1,<environment.Job instance at 0x7f054c643640>,13,1,[9 3],14,61,62,47,39
1,<environment.Job instance at 0x7f054c643820>,16,16,[4 6],17,62,78,45,49
1,<environment.Job instance at 0x7f054c643190>,6,12,[3 9],7,49,61,42,49
1,<environment.Job instance at 0x7f054c643be0>,21,13,[8 5],22,78,91,56,67
1,<environment.Job instance at 0x7f054c643dc0>,25,15,[9 2],26,119,134,93,119
1,<environment.Job instance at 0x7f054c643b90>,28,16,[10  1],29,134,150,105,122
1,<environment.Job instance at 0x7f054c6360a0>,2,12,[4 7],3,27,39,24,27
1,<environment.Job instance at 0x7f05945e8780>,14,3,[6 4],15,77,80,62,77
1,<environment.Job instance at 0x7f0594b4b910>,7,14,[ 4 10],8,80,94,72,77
1,<environment.Job instance at 0x7f05970a5dc0>,10,18,[3 8],11,94,112,83,83
1,<environment.Job instance at 0x7f054c8fa730>,4,1,[7 3],5,6,7,1,6
1,<environment.Job instance at 0x7f059230caf0>,6,13,[6 3],7,7,20,0,7
1,<environment.Job instance at 0x7f054c019960>,9,18,[ 2 10],10,20,38,10,10
1,<environment.Job instance at 0x7f054c019410>,12,18,[2 5],13,38,56,25,29
1,<environment.Job instance at 0x7f059722baf0>,3,1,[7 5],4,4,5,0,4
1,<environment.Job instance at 0x7f0594d43d20>,1,18,[5 5],2,72,90,70,72
1,<environment.Job instance at 0x7f0592105320>,10,14,[8 2],11,92,106,81,92
1,<environment.Job instance at 0x7f0592152e10>,15,16,[7 2],16,106,122,90,94
1,<environment.Job instance at 0x7f05921161e0>,17,13,[8 5],18,122,135,104,115
1,<environment.Job instance at 0x7f05921050a0>,13,13,[7 4],14,204,217,190,204
1,<environment.Job instance at 0x7f059211dd70>,28,15,[10  5],29,217,232,188,210
1,<environment.Job instance at 0x7f054c621500>,30,13,[3 7],31,232,245,201,220
1,<environment.Job instance at 0x7f05922c4460>,36,13,[ 3 10],37,251,264,214,251
1,<environment.Job instance at 0x7f05922c1460>,38,16,[5 5],39,279,295,240,279
1,<environment.Job instance at 0x7f054c357780>,45,18,[ 4 10],46,329,347,283,329
1,<environment.Job instance at 0x7f054c357050>,46,17,[ 3 10],47,347,364,300,335
1,<environment.Job instance at 0x7f0592105be0>,5,12,[9 3],6,6,18,0,6
1,<environment.Job instance at 0x7f05923baf00>,8,13,[6 4],9,18,31,9,9
1,<environment.Job instance at 0x7f054c97fe10>,6,14,[10  4],7,31,45,24,18
1,<environment.Job instance at 0x7f054ca23d20>,18,12,[3 5],19,45,57,26,44
1,<environment.Job instance at 0x7f054c1d1b90>,19,19,[5 5],20,45,64,25,45
1,<environment.Job instance at 0x7f059254dbe0>,21,12,[5 8],22,64,76,42,48
1,<environment.Job instance at 0x7f059254d7d0>,23,15,[8 2],24,78,93,54,78
1,<environment.Job instance at 0x7f054c150e60>,4,1,[6 3],5,5,6,0,5
1,<environment.Job instance at 0x7f054c150c30>,5,14,[ 2 10],6,8,22,2,8
1,<environment.Job instance at 0x7f059465a1e0>,6,18,[8 4],7,22,40,15,12
1,<environment.Job instance at 0x7f054c150820>,10,18,[1 5],11,22,40,11,12
1,<environment.Job instance at 0x7f054c5e6c30>,4,2,[8 3],5,19,21,14,19
1,<environment.Job instance at 0x7f054ca07a50>,5,16,[3 9],6,73,89,67,73
1,<environment.Job instance at 0x7f054c421910>,13,2,[5 6],14,89,91,75,74
1,<environment.Job instance at 0x7f059246a6e0>,14,12,[ 3 10],15,91,103,76,75
1,<environment.Job instance at 0x7f0594a8beb0>,17,13,[6 4],18,103,116,85,100
1,<environment.Job instance at 0x7f0594a8b550>,19,14,[5 3],20,116,130,96,111
1,<environment.Job instance at 0x7f0594ab15a0>,1,18,[2 6],2,500,518,498,500
1,<environment.Job instance at 0x7f0594a8bfa0>,21,17,[2 8],22,756,773,734,756
1,<environment.Job instance at 0x7f0594a8bd20>,22,12,[2 6],23,794,806,771,794
1,<environment.Job instance at 0x7f0594a8b2d0>,23,18,[5 8],24,1089,1107,1065,1089
1,<environment.Job instance at 0x7f0594a93e60>,24,17,[3 9],25,2901,2918,2876,2901
1,<environment.Job instance at 0x7f39ca8b3280>,0,17,[6 2],1,4,21,3,4
1,<environment.Job instance at 0x7f39ca8b3190>,3,13,[3 8],4,7,20,3,7
1,<environment.Job instance at 0x7f39c54a4690>,7,12,[7 2],8,21,33,13,8
1,<environment.Job instance at 0x7f39c54a4870>,10,14,[1 6],11,20,34,9,15
1,<environment.Job instance at 0x7f39c54a47d0>,11,1,[8 4],12,33,34,21,16
1,<environment.Job instance at 0x7f39c54a45a0>,6,19,[1 7],7,34,53,27,24
1,<environment.Job instance at 0x7f39c54a4730>,9,17,[8 1],10,65,82,55,65
1,<environment.Job instance at 0x7f39c54a4cd0>,16,19,[ 3 10],17,82,101,65,72
1,<environment.Job instance at 0x7f39c54a4fa0>,22,3,[4 6],23,101,104,78,88
1,<environment.Job instance at 0x7f39c54a7280>,25,16,[5 3],26,101,117,75,95
1,<environment.Job instance at 0x7f39c54a7640>,30,15,[8 2],31,117,132,86,116
1,<environment.Job instance at 0x7f39c54a7780>,32,14,[8 3],33,132,146,99,121
1,<environment.Job instance at 0x7f39c54a7960>,35,3,[9 5],36,146,149,110,133
1,<environment.Job instance at 0x7f39c54a7b40>,38,16,[1 5],39,154,170,115,154
1,<environment.Job instance at 0x7f39c54a7aa0>,37,15,[2 5],38,177,192,139,177
1,<environment.Job instance at 0x7f39c54a7d20>,41,3,[6 3],42,177,180,135,177
1,<environment.Job instance at 0x7f39c54a7c80>,40,17,[ 3 10],41,234,251,193,234
1,<environment.Job instance at 0x7f39c544f6e0>,1,17,[3 8],2,6,23,4,6
1,<environment.Job instance at 0x7f39c544f5a0>,2,16,[3 9],3,23,39,20,10
1,<environment.Job instance at 0x7f39c54b1be0>,0,14,[7 1],1,5,19,4,5
1,<environment.Job instance at 0x7f39caa19640>,7,14,[5 8],8,19,33,11,9
1,<environment.Job instance at 0x7f397f895e10>,3,14,[ 3 10],4,41,55,37,41
1,<environment.Job instance at 0x7f39ca936fa0>,11,13,[1 7],12,55,68,43,54
1,<environment.Job instance at 0x7f397f6e95a0>,14,16,[2 8],15,68,84,53,55
1,<environment.Job instance at 0x7f397f877b40>,20,19,[1 8],21,84,103,63,82
1,<environment.Job instance at 0x7f397f8770a0>,21,12,[4 7],22,103,115,81,90
1,<environment.Job instance at 0x7f39c5706af0>,21,18,[5 8],22,102,120,80,102
1,<environment.Job instance at 0x7f39c57015a0>,26,16,[2 5],27,127,143,100,127
1,<environment.Job instance at 0x7f39c5519a00>,18,18,[8 2],19,130,148,111,130
1,<environment.Job instance at 0x7f39c54ec870>,34,12,[3 8],35,155,167,120,155
1,<environment.Job instance at 0x7f39c562ea00>,22,19,[2 7],23,167,186,144,159
1,<environment.Job instance at 0x7f39c59505a0>,37,16,[4 5],38,186,202,148,176
1,<environment.Job instance at 0x7f39c5611a50>,41,17,[10  4],42,202,219,160,198
1,<environment.Job instance at 0x7f39c5611f00>,45,1,[4 9],46,219,220,173,198
1,<environment.Job instance at 0x7f39c5611050>,46,15,[5 7],47,220,235,173,206
1,<environment.Job instance at 0x7f39c5611f50>,50,12,[8 1],51,740,752,689,740
1,<environment.Job instance at 0x7f39c54fa460>,51,18,[9 4],52,752,770,700,741
1,<environment.Job instance at 0x7f39c55f3d20>,2,2,[7 2],3,4,6,1,4
1,<environment.Job instance at 0x7f39c54fa0a0>,5,2,[2 9],6,6,8,0,6
1,<environment.Job instance at 0x7f39c55f3e10>,0,16,[5 1],1,13,29,12,13
1,<environment.Job instance at 0x7f39c58ae640>,10,14,[5 4],11,17,31,6,17
1,<environment.Job instance at 0x7f397fe07e60>,11,15,[10  1],12,31,46,19,17
1,<environment.Job instance at 0x7f397fdfbf00>,14,17,[2 6],15,46,63,31,34
1,<environment.Job instance at 0x7f39c58b4910>,17,1,[4 9],18,63,64,45,37
1,<environment.Job instance at 0x7f397fb7b780>,21,17,[4 7],22,77,94,55,77
1,<environment.Job instance at 0x7f397fb8d640>,24,16,[10  5],25,104,120,79,104
1,<environment.Job instance at 0x7f397fb8d460>,26,13,[7 5],27,120,133,93,109
1,<environment.Job instance at 0x7f397fb8ddc0>,27,13,[1 8],28,133,146,105,118
1,<environment.Job instance at 0x7f39c56241e0>,8,18,[5 5],9,24,42,15,24
1,<environment.Job instance at 0x7f39c5624190>,11,13,[3 9],12,42,55,30,27
1,<environment.Job instance at 0x7f397fb8d050>,2,14,[4 7],3,55,69,52,41
1,<environment.Job instance at 0x7f39c9d48730>,7,16,[ 3 10],8,69,85,61,56
1,<environment.Job instance at 0x7f39c5624550>,21,13,[5 5],22,85,98,63,81
1,<environment.Job instance at 0x7f39c9fec460>,22,2,[9 3],23,98,100,75,81
1,<environment.Job instance at 0x7f39c9fec4b0>,23,16,[8 3],24,100,116,76,87
1,<environment.Job instance at 0x7f39ca1f9f00>,28,1,[10  1],29,116,117,87,115
1,<environment.Job instance at 0x7f39ca1f9410>,30,18,[5 5],31,117,135,86,117
1,<environment.Job instance at 0x7f39ca3dc9b0>,31,2,[5 9],32,135,137,103,117
1,<environment.Job instance at 0x7f39ca3dcbe0>,34,14,[5 1],35,171,185,136,171
1,<environment.Job instance at 0x7f39c56242d0>,10,17,[ 3 10],11,186,203,175,186
1,<environment.Job instance at 0x7f39ca3dc140>,38,18,[7 1],39,203,221,164,192
1,<environment.Job instance at 0x7f39ca3dc4b0>,40,12,[7 1],41,221,233,180,204
1,<environment.Job instance at 0x7f39c9de2c80>,8,13,[8 2],9,57,70,48,57
1,<environment.Job instance at 0x7f39c9de2870>,12,16,[1 7],13,93,109,80,93
1,<environment.Job instance at 0x7f39c5488a50>,14,18,[1 6],15,112,130,97,112
1,<environment.Job instance at 0x7f39c9ed9280>,16,14,[5 5],17,130,144,113,115
1,<environment.Job instance at 0x7f39ca5b3af0>,4,17,[ 1 10],5,144,161,139,141
1,<environment.Job instance at 0x7f39c55c6550>,3,13,[4 5],4,6,19,2,6
1,<environment.Job instance at 0x7f39c55c6c80>,0,16,[2 8],1,21,37,20,21
1,<environment.Job instance at 0x7f39c52365f0>,12,2,[4 6],13,37,39,24,21
1,<environment.Job instance at 0x7f39c5236870>,16,16,[4 6],17,39,55,22,26
1,<environment.Job instance at 0x7f39c5236870>,2,14,[1 8],3,6,20,3,6
1,<environment.Job instance at 0x7f397fbeed70>,4,15,[10  1],5,20,35,15,6
1,<environment.Job instance at 0x7f39c535f190>,15,14,[7 2],16,53,67,37,53
1,<environment.Job instance at 0x7f397f71d640>,3,15,[7 2],4,67,82,63,54
1,<environment.Job instance at 0x7f39ca1b1690>,18,12,[2 6],19,56,68,37,56
1,<environment.Job instance at 0x7f39c5385aa0>,22,18,[2 5],23,76,94,53,76
1,<environment.Job instance at 0x7f39c5385e10>,24,25,[5 4],25,87,112,62,87
1,<environment.Job instance at 0x7f39c57945f0>,27,18,[3 9],28,112,130,84,104
1,<environment.Job instance at 0x7f397fb32be0>,1,14,[4 7],2,5,19,3,5
1,<environment.Job instance at 0x7f39c5632e60>,4,13,[10  4],5,19,32,14,6
1,<environment.Job instance at 0x7f397f8d3c30>,8,14,[ 4 10],9,32,46,23,17
1,<environment.Job instance at 0x7f397f8551e0>,16,12,[3 5],17,68,80,51,68
1,<environment.Job instance at 0x7f39ca8f6aa0>,18,1,[3 7],19,81,82,62,81
1,<environment.Job instance at 0x7f39ca162370>,17,13,[1 9],18,117,130,99,117
1,<environment.Job instance at 0x7f397faa1550>,21,16,[4 9],22,161,177,139,161
1,<environment.Job instance at 0x7f397fa620a0>,23,14,[5 4],24,177,191,153,175
1,<environment.Job instance at 0x7f397f77ae60>,24,15,[6 4],25,191,206,166,185
1,<environment.Job instance at 0x7f397f77ac80>,26,17,[ 2 10],27,229,246,202,229
1,<environment.Job instance at 0x7f397f9e3cd0>,8,3,[5 2],9,49,52,40,49
1,<environment.Job instance at 0x7f39c56dbc30>,6,14,[3 7],7,49,63,42,49
1,<environment.Job instance at 0x7f397f9e34b0>,10,14,[10  3],11,63,77,52,49
1,<environment.Job instance at 0x7f39c5806370>,14,12,[7 3],15,77,89,62,62
1,<environment.Job instance at 0x7f397fd57d20>,18,18,[9 3],19,89,107,70,78
1,<environment.Job instance at 0x7f397f66d9b0>,20,17,[8 5],21,107,124,86,95
1,<environment.Job instance at 0x7f397f6a08c0>,25,14,[5 6],26,1679,1693,1653,1679
1,<environment.Job instance at 0x7f397fe01230>,26,16,[8 4],27,1693,1709,1666,1680
1,<environment.Job instance at 0x7f397f6cf910>,3,15,[5 5],4,4,19,0,4
1,<environment.Job instance at 0x7f397f6cf5f0>,4,15,[1 5],5,6,21,1,6
1,<environment.Job instance at 0x7f39ca89b280>,2,18,[3 9],3,21,39,18,19
1,<environment.Job instance at 0x7f397fa85d70>,1,16,[ 2 10],2,64,80,62,64
1,<environment.Job instance at 0x7f39ca22aaf0>,3,16,[6 3],4,5,21,1,5
1,<environment.Job instance at 0x7f39c56ad640>,5,1,[7 4],6,21,22,15,6
1,<environment.Job instance at 0x7f39c56adf00>,7,15,[4 7],8,22,37,14,9
1,<environment.Job instance at 0x7f39ca1f05a0>,8,14,[8 2],9,37,51,28,22
1,<environment.Job instance at 0x7f39ca2b11e0>,12,16,[1 5],13,37,53,24,25
1,<environment.Job instance at 0x7f397fdfb3c0>,2,20,[9 1],3,26,46,23,26
1,<environment.Job instance at 0x7f39c5399be0>,11,16,[2 5],12,69,85,57,69
1,<environment.Job instance at 0x7f39c5399d20>,13,13,[1 7],14,85,98,71,69
1,<environment.Job instance at 0x7f39c53ad320>,22,12,[4 7],23,117,129,94,117
1,<environment.Job instance at 0x7f39c53ad460>,24,18,[5 6],25,129,147,104,118
1,<environment.Job instance at 0x7f39c5399c80>,12,17,[9 4],13,164,181,151,164
1,<environment.Job instance at 0x7f39c53adc30>,34,3,[6 4],35,215,218,180,215
1,<environment.Job instance at 0x7f39c53add70>,36,15,[9 4],37,218,233,181,215
1,<environment.Job instance at 0x7f397fa8e0f0>,9,14,[3 8],10,10,24,0,10
1,<environment.Job instance at 0x7f397fa8eaa0>,8,17,[8 1],9,24,41,15,12
1,<environment.Job instance at 0x7f39c9e6a640>,0,14,[9 2],1,41,55,40,27
1,<environment.Job instance at 0x7f39ca054910>,14,1,[7 3],15,55,56,40,27
1,<environment.Job instance at 0x7f39c5321f00>,3,1,[7 5],4,4,5,0,4
1,<environment.Job instance at 0x7f39c5321960>,1,18,[5 5],2,5,23,3,5
1,<environment.Job instance at 0x7f39c9cd0280>,11,18,[4 5],12,72,90,60,72
1,<environment.Job instance at 0x7f39c9ec4960>,15,16,[7 2],16,99,115,83,99
1,<environment.Job instance at 0x7f39c9ec4550>,17,13,[8 5],18,120,133,102,120
1,<environment.Job instance at 0x7f39c9ec4640>,19,3,[7 1],20,148,151,128,148
1,<environment.Job instance at 0x7f39c53219b0>,5,16,[10  2],6,159,175,153,159
1,<environment.Job instance at 0x7f39c9ec4780>,22,18,[5 4],23,175,193,152,170
1,<environment.Job instance at 0x7f39c59550a0>,24,12,[6 1],25,194,206,169,194
1,<environment.Job instance at 0x7f39c59555a0>,26,15,[6 2],27,209,224,182,209
1,<environment.Job instance at 0x7f39c5955550>,29,19,[4 5],30,236,255,206,236
1,<environment.Job instance at 0x7f39c59557d0>,31,3,[5 2],32,236,239,204,236
1,<environment.Job instance at 0x7f39c5955230>,32,1,[10  1],33,255,256,222,236
1,<environment.Job instance at 0x7f39c59558c0>,36,13,[ 3 10],37,262,275,225,262
1,<environment.Job instance at 0x7f39c5955f00>,39,18,[7 5],40,291,309,251,291
1,<environment.Job instance at 0x7f397f710050>,44,13,[1 8],45,337,350,292,337
1,<environment.Job instance at 0x7f397f7100a0>,45,18,[ 4 10],46,350,368,304,345
1,<environment.Job instance at 0x7f39c53bdaa0>,9,19,[5 5],10,43,62,33,43
1,<environment.Job instance at 0x7f39c53bdd20>,10,17,[4 5],11,43,60,32,43
1,<environment.Job instance at 0x7f39c53bdb40>,13,15,[8 2],14,67,82,53,67
1,<environment.Job instance at 0x7f39c53bd230>,3,17,[6 4],4,5,22,1,5
1,<environment.Job instance at 0x7f397f6cc870>,7,17,[10  1],8,22,39,14,10
1,<environment.Job instance at 0x7f39ca21c280>,10,13,[7 4],11,39,52,28,23
1,<environment.Job instance at 0x7f397f6cc9b0>,8,17,[8 1],9,52,69,43,45
1,<environment.Job instance at 0x7f39ca7b92d0>,17,17,[4 6],18,69,86,51,57
1,<environment.Job instance at 0x7f397f74cdc0>,22,3,[3 8],23,86,89,63,83
1,<environment.Job instance at 0x7f397f5102d0>,23,25,[3 5],24,89,114,65,85
1,<environment.Job instance at 0x7f39ca443500>,6,15,[5 7],7,83,98,76,83
1,<environment.Job instance at 0x7f397faf5b90>,15,2,[ 5 10],16,98,100,82,83
1,<environment.Job instance at 0x7f397faf5820>,13,17,[5 4],14,131,148,117,131
1,<environment.Job instance at 0x7f397faf59b0>,22,17,[7 5],23,159,176,136,159
1,<environment.Job instance at 0x7f397faf50f0>,24,14,[ 4 10],25,176,190,151,166
1,<environment.Job instance at 0x7f397faf56e0>,26,12,[5 3],27,190,202,163,173
1,<environment.Job instance at 0x7f397fe130f0>,32,15,[9 3],33,202,217,169,188
1,<environment.Job instance at 0x7f397fe13190>,33,15,[4 8],34,217,232,183,205
1,<environment.Job instance at 0x7f397fe13500>,41,18,[1 7],42,232,250,190,229
1,<environment.Job instance at 0x7f39ca27ad70>,5,12,[2 6],6,6,18,0,6
1,<environment.Job instance at 0x7f39ca27aa00>,9,17,[5 5],10,24,41,14,24
1,<environment.Job instance at 0x7f39ca27a500>,8,15,[5 6],9,41,56,32,27
1,<environment.Job instance at 0x7f39ca287d20>,13,14,[5 8],14,75,89,61,75
1,<environment.Job instance at 0x7f39ca287910>,19,14,[5 4],20,89,103,69,75
1,<environment.Job instance at 0x7f39ca2876e0>,20,14,[ 4 10],21,103,117,82,89
1,<environment.Job instance at 0x7f39ca287500>,23,16,[10  4],24,117,133,93,105
1,<environment.Job instance at 0x7fab732a51e0>,0,17,[6 2],1,6,23,5,6
1,<environment.Job instance at 0x7fab70145500>,7,12,[7 2],8,23,35,15,8
1,<environment.Job instance at 0x7fab701457d0>,10,14,[1 6],11,24,38,13,24
1,<environment.Job instance at 0x7fab70145640>,11,1,[8 4],12,35,36,23,24
1,<environment.Job instance at 0x7fab732a50f0>,3,13,[3 8],4,38,51,34,25
1,<environment.Job instance at 0x7fab732a5370>,1,15,[4 5],2,51,66,49,44
1,<environment.Job instance at 0x7fab70145320>,6,19,[1 7],7,66,85,59,56
1,<environment.Job instance at 0x7fab70145f50>,22,3,[4 6],23,99,102,76,99
1,<environment.Job instance at 0x7fab701463c0>,25,16,[5 3],26,101,117,75,101
1,<environment.Job instance at 0x7fab70146500>,28,2,[5 8],29,144,146,115,144
1,<environment.Job instance at 0x7fab701465a0>,29,24,[5 1],30,144,168,114,144
1,<environment.Job instance at 0x7fab70146320>,30,15,[8 2],31,168,183,137,158
1,<environment.Job instance at 0x7fab70146960>,35,3,[9 5],36,183,186,147,171
1,<environment.Job instance at 0x7fab70146aa0>,37,15,[2 5],38,186,201,148,173
1,<environment.Job instance at 0x7fab70146a00>,36,16,[8 1],37,186,202,149,173
1,<environment.Job instance at 0x7fab70146d20>,41,3,[6 3],42,202,205,160,177
1,<environment.Job instance at 0x7fab70146c80>,40,17,[ 3 10],41,216,233,175,216
1,<environment.Job instance at 0x7fab7014b190>,46,2,[ 1 10],47,233,235,186,216
1,<environment.Job instance at 0x7fab700f05a0>,3,16,[3 5],4,4,20,0,4
1,<environment.Job instance at 0x7fab2a3bcaf0>,5,14,[5 3],6,15,29,9,15
1,<environment.Job instance at 0x7fab2a3ddb40>,10,16,[7 4],11,42,58,31,42
1,<environment.Job instance at 0x7fab2a537f50>,12,14,[4 7],13,58,72,45,46
1,<environment.Job instance at 0x7fab2a3dd3c0>,11,13,[ 4 10],12,72,85,60,66
1,<environment.Job instance at 0x7fab2a53fe10>,22,15,[3 9],23,136,151,113,136
1,<environment.Job instance at 0x7fab2a53fe60>,23,2,[ 1 10],24,151,153,127,136
1,<environment.Job instance at 0x7fab2a53f050>,25,18,[8 2],26,153,171,127,153
1,<environment.Job instance at 0x7fab2a53f5f0>,27,3,[5 4],28,171,174,143,153
1,<environment.Job instance at 0x7fab2a53f4b0>,28,17,[10  5],29,174,191,145,165
1,<environment.Job instance at 0x7fab73417460>,0,19,[1 8],1,7,26,6,7
1,<environment.Job instance at 0x7fab6ff00280>,9,20,[6 2],10,14,34,4,14
1,<environment.Job instance at 0x7fab6ff00c80>,11,17,[2 8],12,56,73,44,56
1,<environment.Job instance at 0x7fab704edd20>,6,13,[1 9],7,18,31,11,18
1,<environment.Job instance at 0x7fab704edf00>,12,2,[2 5],13,78,80,65,78
1,<environment.Job instance at 0x7fab703a4460>,15,1,[4 9],16,80,81,64,79
1,<environment.Job instance at 0x7fab703a4b40>,16,15,[5 7],17,81,96,64,79
1,<environment.Job instance at 0x7fab7043bc80>,3,18,[5 7],4,96,114,92,87
1,<environment.Job instance at 0x7fab701cd320>,19,12,[10  1],20,114,126,94,97
1,<environment.Job instance at 0x7fab70504af0>,24,17,[ 3 10],25,126,143,101,114
1,<environment.Job instance at 0x7fab703c49b0>,26,13,[10  5],27,143,156,116,134
1,<environment.Job instance at 0x7fab70562dc0>,29,12,[5 5],30,180,192,150,180
1,<environment.Job instance at 0x7fab7057e4b0>,2,2,[9 1],3,3,5,0,3
1,<environment.Job instance at 0x7fab70562dc0>,4,12,[5 6],5,6,18,1,6
1,<environment.Job instance at 0x7fab70562780>,3,14,[1 8],4,18,32,14,7
1,<environment.Job instance at 0x7fab7059d5a0>,6,12,[5 1],7,10,22,3,10
1,<environment.Job instance at 0x7fab6ff3a410>,12,3,[1 9],13,32,35,19,13
1,<environment.Job instance at 0x7fab2aa170a0>,19,1,[8 4],20,115,116,95,115
1,<environment.Job instance at 0x7fab7088eaa0>,1,17,[3 9],2,126,143,124,126
1,<environment.Job instance at 0x7fab6fffecd0>,9,16,[6 5],10,17,33,7,17
1,<environment.Job instance at 0x7fab6fffe190>,10,12,[2 8],11,33,45,22,18
1,<environment.Job instance at 0x7fab6fffef50>,8,18,[2 7],9,45,63,36,43
1,<environment.Job instance at 0x7fab2a5aa5a0>,14,14,[1 7],15,63,77,48,48
1,<environment.Job instance at 0x7fab70e73910>,18,14,[3 9],19,77,91,58,62
1,<environment.Job instance at 0x7fab70e73370>,20,14,[5 3],21,91,105,70,77
1,<environment.Job instance at 0x7fab2a3ece10>,0,15,[8 1],1,45,60,44,45
1,<environment.Job instance at 0x7fab70766f00>,8,17,[2 5],9,46,63,37,46
1,<environment.Job instance at 0x7fab703ee230>,11,3,[9 4],12,63,66,51,46
1,<environment.Job instance at 0x7fab703eecd0>,12,2,[7 5],13,60,62,47,46
1,<environment.Job instance at 0x7fab70e73dc0>,3,15,[5 5],4,66,81,62,52
1,<environment.Job instance at 0x7fab707664b0>,7,18,[5 9],8,83,101,75,83
1,<environment.Job instance at 0x7fab2a3ecb90>,4,16,[ 2 10],5,112,128,107,112
1,<environment.Job instance at 0x7fab2a7220a0>,26,17,[3 6],27,162,179,135,162
1,<environment.Job instance at 0x7fab7093ed20>,6,12,[1 6],7,30,42,23,30
1,<environment.Job instance at 0x7fab7093ef50>,8,14,[8 4],9,53,67,44,53
1,<environment.Job instance at 0x7fab7095e280>,12,2,[3 6],13,77,79,64,77
1,<environment.Job instance at 0x7fab2a7220a0>,4,14,[4 8],5,79,93,74,78
1,<environment.Job instance at 0x7fab7095e780>,20,3,[10  4],21,162,165,141,162
1,<environment.Job instance at 0x7fab70cc8550>,5,12,[2 9],6,70,82,64,70
1,<environment.Job instance at 0x7fab2a46ff50>,8,13,[10  3],9,82,95,73,78
1,<environment.Job instance at 0x7fab70440af0>,12,3,[8 2],13,95,98,82,79
1,<environment.Job instance at 0x7fab702c8690>,13,18,[1 9],14,98,116,84,87
1,<environment.Job instance at 0x7fab2a79a870>,3,15,[ 4 10],4,7,22,3,7
1,<environment.Job instance at 0x7fab2aa90f00>,8,3,[6 5],9,22,25,13,10
1,<environment.Job instance at 0x7fab70aa46e0>,10,18,[9 1],11,25,43,14,14
1,<environment.Job instance at 0x7fab700bb050>,13,12,[5 4],14,43,55,29,26
1,<environment.Job instance at 0x7fab2a9bcfa0>,16,15,[ 5 10],17,55,70,38,41
1,<environment.Job instance at 0x7fab72ea3050>,20,15,[10  1],21,95,110,74,95
1,<environment.Job instance at 0x7fab70470d70>,22,12,[6 5],23,110,122,87,100
1,<environment.Job instance at 0x7fab2a99dd20>,24,15,[9 3],25,122,137,97,116
1,<environment.Job instance at 0x7fab2a99dd20>,4,14,[5 3],5,23,37,18,23
1,<environment.Job instance at 0x7fab2a3ccf00>,12,15,[5 7],13,33,48,20,33
1,<environment.Job instance at 0x7fab7011d500>,18,12,[7 5],19,92,104,73,92
1,<environment.Job instance at 0x7fab7011d640>,19,1,[10  1],20,104,105,84,92
1,<environment.Job instance at 0x7fab70299820>,0,1,[2 7],1,3,4,2,3
1,<environment.Job instance at 0x7fab709c5640>,2,13,[4 9],3,7,20,4,7
1,<environment.Job instance at 0x7fab709c5690>,9,18,[1 6],10,20,38,10,15
1,<environment.Job instance at 0x7fab709c5370>,11,12,[10  1],12,38,50,26,29
1,<environment.Job instance at 0x7fab709c5140>,12,3,[4 6],13,50,53,37,29
1,<environment.Job instance at 0x7fab2a7f60f0>,9,14,[1 8],10,44,58,34,44
1,<environment.Job instance at 0x7fab70475690>,5,15,[ 1 10],6,58,73,52,45
1,<environment.Job instance at 0x7fab6ff75780>,16,14,[ 4 10],17,73,87,56,67
1,<environment.Job instance at 0x7fab6ff75500>,21,15,[ 5 10],22,171,186,149,171
1,<environment.Job instance at 0x7fab2aa6d9b0>,9,2,[5 1],10,70,72,60,70
1,<environment.Job instance at 0x7fab2aa6dbe0>,11,3,[ 2 10],12,74,77,62,74
1,<environment.Job instance at 0x7fab2aa6dc80>,12,3,[10  5],13,77,80,64,74
1,<environment.Job instance at 0x7fab2aa57140>,19,13,[9 1],20,115,128,95,115
1,<environment.Job instance at 0x7fab2aa57280>,21,17,[5 6],22,141,158,119,141
1,<environment.Job instance at 0x7fab6ff87500>,2,18,[6 5],3,3,21,0,3
1,<environment.Job instance at 0x7fab2aaec9b0>,6,13,[1 6],7,21,34,14,7
1,<environment.Job instance at 0x7fab6ff87550>,0,14,[6 3],1,21,35,20,9
1,<environment.Job instance at 0x7fab2a7ffeb0>,7,12,[1 6],8,34,46,26,17
1,<environment.Job instance at 0x7fab6ff04370>,1,17,[10  2],2,46,63,44,35
1,<environment.Job instance at 0x7fab2a1e6280>,16,13,[1 8],17,63,76,46,47
1,<environment.Job instance at 0x7fab2a7a8140>,1,2,[5 9],2,3,5,1,3
1,<environment.Job instance at 0x7fab2a0b5370>,5,12,[9 3],6,7,19,1,7
1,<environment.Job instance at 0x7fab2a0b5550>,7,1,[ 3 10],8,19,20,11,8
1,<environment.Job instance at 0x7fab2a0b5870>,9,1,[5 4],10,20,21,10,10
1,<environment.Job instance at 0x7fab2a0b5aa0>,11,17,[7 5],12,21,38,9,17
1,<environment.Job instance at 0x7fab2a069410>,15,14,[2 7],16,38,52,22,24
1,<environment.Job instance at 0x7fab2a069eb0>,18,12,[3 5],19,52,64,33,44
1,<environment.Job instance at 0x7fab2a069d70>,20,17,[4 5],21,52,69,31,45
1,<environment.Job instance at 0x7fab2a069e10>,23,15,[8 2],24,92,107,68,92
1,<environment.Job instance at 0x7fab706ad960>,3,17,[6 4],4,5,22,1,5
1,<environment.Job instance at 0x7fab7069dfa0>,0,15,[ 5 10],1,22,37,21,8
1,<environment.Job instance at 0x7fab2aa5f2d0>,10,13,[7 4],11,39,52,28,39
1,<environment.Job instance at 0x7fab2aa5f5a0>,15,20,[5 3],16,52,72,36,45
1,<environment.Job instance at 0x7fab2aa5f1e0>,7,17,[10  1],8,96,113,88,96
1,<environment.Job instance at 0x7fab7009f050>,5,2,[ 5 10],6,6,8,0,6
1,<environment.Job instance at 0x7fab7002d0a0>,9,20,[8 5],10,44,64,34,44
1,<environment.Job instance at 0x7fab7009f500>,7,19,[6 4],8,64,83,56,54
1,<environment.Job instance at 0x7fab2a18b460>,16,12,[5 3],17,83,95,66,76
1,<environment.Job instance at 0x7fab70d43190>,15,16,[9 1],16,100,116,84,100
1,<environment.Job instance at 0x7fab2a9766e0>,21,16,[1 8],22,101,117,79,101
1,<environment.Job instance at 0x7fab709f39b0>,23,15,[4 8],24,117,132,93,103
1,<environment.Job instance at 0x7fab2a9765a0>,22,15,[9 3],23,132,147,109,131
1,<environment.Job instance at 0x7fab2a6df640>,31,18,[1 7],32,151,169,119,151
1,<environment.Job instance at 0x7fab2aae81e0>,35,12,[5 6],36,169,181,133,154
1,<environment.Job instance at 0x7fab2aae8b40>,2,15,[4 6],3,4,19,1,4
1,<environment.Job instance at 0x7fab2aa094b0>,7,12,[6 1],8,8,20,0,8
1,<environment.Job instance at 0x7fab2aa288c0>,0,14,[ 4 10],1,20,34,19,10
1,<environment.Job instance at 0x7fab2aae81e0>,3,16,[10  4],4,34,50,30,21
1,<environment.Job instance at 0x7fab2aa09230>,9,16,[10  2],10,50,66,40,38
1,<environment.Job instance at 0x7fab2a65c410>,1,1,[9 3],2,2,3,0,2
1,<environment.Job instance at 0x7fab2a6ce730>,9,17,[2 6],10,22,39,12,22
1,<environment.Job instance at 0x7fab7034ef50>,12,15,[2 8],13,45,60,32,45
1,<environment.Job instance at 0x7fab2aae8cd0>,13,15,[5 5],14,60,75,46,46
1,<environment.Job instance at 0x7fab6ff21050>,15,12,[4 5],16,73,85,57,73
1,<environment.Job instance at 0x7fab701ede10>,17,14,[9 5],18,85,99,67,73
1,<environment.Job instance at 0x7fab72eb4870>,19,1,[10  3],20,99,100,79,75
1,<environment.Job instance at 0x7fab70cd0be0>,22,16,[10  5],23,101,117,78,101
1,<environment.Job instance at 0x7fab708ec230>,25,12,[5 4],26,117,129,91,106
1,<environment.Job instance at 0x7fab708ece60>,26,13,[1 5],27,117,130,90,106
1,<environment.Job instance at 0x7fab708ec7d0>,27,16,[3 8],28,130,146,102,117
1,<environment.Job instance at 0x7f7cb6e895a0>,7,12,[7 2],8,8,20,0,8
1,<environment.Job instance at 0x7f7cb6e89370>,5,18,[7 5],6,24,42,18,24
1,<environment.Job instance at 0x7f7cb6e89780>,10,14,[1 6],11,42,56,31,33
1,<environment.Job instance at 0x7f7cb6e894b0>,9,17,[8 1],10,45,62,35,45
1,<environment.Job instance at 0x7f7cb6e89870>,13,15,[4 5],14,62,77,48,50
1,<environment.Job instance at 0x7f7cb6e89b90>,18,18,[3 6],19,77,95,58,66
1,<environment.Job instance at 0x7f7cb802b9b0>,2,18,[ 3 10],3,109,127,106,109
1,<environment.Job instance at 0x7f7cb6e89f50>,22,3,[4 6],23,127,130,104,113
1,<environment.Job instance at 0x7f7cb6e8a370>,28,2,[5 8],29,155,157,126,155
1,<environment.Job instance at 0x7f7cb6e89eb0>,23,18,[7 4],24,178,196,154,178
1,<environment.Job instance at 0x7f7cb6e8a4b0>,35,3,[9 5],36,196,199,160,179
1,<environment.Job instance at 0x7f7cb6e8a5a0>,30,15,[8 2],31,199,214,168,186
1,<environment.Job instance at 0x7f7cb6e8aaa0>,37,15,[2 5],38,199,214,161,186
1,<environment.Job instance at 0x7f7cb6e8ad20>,41,3,[6 3],42,214,217,172,193
1,<environment.Job instance at 0x7f7cb6e8aa00>,36,16,[8 1],37,217,233,180,204
1,<environment.Job instance at 0x7f7cb6e8ac30>,40,17,[ 3 10],41,244,261,203,244
1,<environment.Job instance at 0x7f7cb6e33280>,2,14,[4 7],3,3,17,0,3
1,<environment.Job instance at 0x7f7c6cfd3500>,12,15,[3 9],13,31,46,18,31
1,<environment.Job instance at 0x7f7c6cfd34b0>,15,18,[8 2],16,46,64,30,37
1,<environment.Job instance at 0x7f7c6cfd31e0>,17,3,[5 4],18,64,67,46,52
1,<environment.Job instance at 0x7f7c6cfd3280>,16,14,[8 4],17,67,81,50,52
1,<environment.Job instance at 0x7f7c6cfd3d70>,19,16,[ 3 10],20,81,97,61,80
1,<environment.Job instance at 0x7f7c6cfd2c80>,23,16,[10  3],24,111,127,87,111
1,<environment.Job instance at 0x7f7c6cfd2690>,28,17,[10  2],29,508,525,479,508
1,<environment.Job instance at 0x7f7cb7fe7730>,7,15,[1 9],8,28,43,20,28
1,<environment.Job instance at 0x7f7cb7fe7b90>,6,3,[5 9],7,43,46,36,28
1,<environment.Job instance at 0x7f7c6ce9c2d0>,9,15,[6 2],10,46,61,36,32
1,<environment.Job instance at 0x7f7c6ce9c640>,12,1,[ 2 10],13,61,62,48,47
1,<environment.Job instance at 0x7f7c6ce9c730>,13,17,[7 1],14,62,79,48,50
1,<environment.Job instance at 0x7f7c6ce3bf00>,19,15,[4 9],20,94,109,74,94
1,<environment.Job instance at 0x7f7cb6c60b40>,22,3,[9 2],23,120,123,97,120
1,<environment.Job instance at 0x7f7cb70a0870>,23,18,[4 8],24,127,145,103,127
1,<environment.Job instance at 0x7f7cb6fbb0a0>,24,3,[10  4],25,145,148,120,127
1,<environment.Job instance at 0x7f7cb6c619b0>,27,20,[1 9],28,148,168,120,148
1,<environment.Job instance at 0x7f7cb70a0370>,28,18,[ 3 10],29,168,186,139,158
1,<environment.Job instance at 0x7f7cb7515dc0>,5,15,[7 2],6,7,22,1,7
1,<environment.Job instance at 0x7f7cb783f640>,6,12,[7 4],7,22,34,15,9
1,<environment.Job instance at 0x7f7cb6f99d20>,9,15,[2 6],10,10,25,0,10
1,<environment.Job instance at 0x7f7c6ce31dc0>,11,12,[ 5 10],12,34,46,22,17
1,<environment.Job instance at 0x7f7c6ce31d20>,13,14,[5 5],14,46,60,32,36
1,<environment.Job instance at 0x7f7c6d5090a0>,16,17,[ 4 10],17,77,94,60,77
1,<environment.Job instance at 0x7f7c6d483e10>,1,2,[10  4],2,2,4,0,2
1,<environment.Job instance at 0x7f7c6d210820>,8,16,[6 5],9,9,25,0,9
1,<environment.Job instance at 0x7f7cb728ec30>,14,15,[5 3],15,53,68,38,53
1,<environment.Job instance at 0x7f7cb794cbe0>,18,15,[5 5],19,80,95,61,80
1,<environment.Job instance at 0x7f7c6d260140>,19,12,[9 1],20,95,107,75,80
1,<environment.Job instance at 0x7f7cb79585a0>,23,20,[3 8],24,107,127,83,99
1,<environment.Job instance at 0x7f7cb772a780>,8,17,[3 6],9,33,50,24,33
1,<environment.Job instance at 0x7f7c6d221d20>,4,16,[7 2],5,49,65,44,49
1,<environment.Job instance at 0x7f7cb79536e0>,13,20,[1 8],14,50,70,36,50
1,<environment.Job instance at 0x7f7cb7733f00>,15,13,[7 4],16,70,83,54,54
1,<environment.Job instance at 0x7f7cb7953780>,11,14,[10  2],12,83,97,71,70
1,<environment.Job instance at 0x7f7c6d0b5550>,23,20,[5 7],24,114,134,90,114
1,<environment.Job instance at 0x7f7c6d0b5640>,24,16,[4 8],25,134,150,109,123
1,<environment.Job instance at 0x7f7c6d0b5500>,28,12,[6 1],29,136,148,107,136
1,<environment.Job instance at 0x7f7c6d0b54b0>,26,15,[2 8],27,150,165,123,139
1,<environment.Job instance at 0x7f7c6d0b55a0>,32,1,[7 4],33,165,166,132,142
1,<environment.Job instance at 0x7f7c6d0b5050>,34,14,[2 7],35,166,180,131,151
1,<environment.Job instance at 0x7f7c6d0b5410>,36,15,[4 7],37,180,195,143,166
1,<environment.Job instance at 0x7f7c6d0b5460>,38,16,[5 1],39,170,186,131,170
1,<environment.Job instance at 0x7f7c6d1b2730>,40,13,[8 2],41,195,208,154,180
1,<environment.Job instance at 0x7f7c6cffeaf0>,4,13,[4 6],5,7,20,2,7
1,<environment.Job instance at 0x7f7cb6f035a0>,11,18,[7 3],12,22,40,10,22
1,<environment.Job instance at 0x7f7c6cffec30>,2,16,[3 9],3,50,66,47,50
1,<environment.Job instance at 0x7f7cb74add20>,16,12,[8 1],17,74,86,57,74
1,<environment.Job instance at 0x7f7c6cffe0a0>,0,17,[7 2],1,86,103,85,74
1,<environment.Job instance at 0x7f7cb6dffc80>,25,15,[3 9],26,205,220,179,205
1,<environment.Job instance at 0x7f7cb75db320>,26,15,[5 5],27,220,235,193,206
1,<environment.Job instance at 0x7f7cb6dff320>,27,18,[8 5],28,235,253,207,226
1,<environment.Job instance at 0x7f7cb78c3190>,30,15,[10  2],31,253,268,222,239
1,<environment.Job instance at 0x7f7cb6d4e4b0>,1,16,[8 3],2,52,68,50,52
1,<environment.Job instance at 0x7f7c6cf8cbe0>,6,14,[ 1 10],7,68,82,61,53
1,<environment.Job instance at 0x7f7c6cf8ca00>,11,14,[9 5],12,82,96,70,68
1,<environment.Job instance at 0x7f7cb6d86050>,16,12,[3 8],17,96,108,79,79
1,<environment.Job instance at 0x7f7c6cf8cfa0>,15,16,[7 2],16,96,112,80,91
1,<environment.Job instance at 0x7f7cb6d86190>,18,14,[8 5],19,127,141,108,127
1,<environment.Job instance at 0x7f7cb6d86370>,21,16,[1 6],22,141,157,119,129
1,<environment.Job instance at 0x7f7cb6d86410>,22,14,[1 8],23,157,171,134,144
1,<environment.Job instance at 0x7f7cb6d86780>,23,15,[7 2],24,147,162,123,147
1,<environment.Job instance at 0x7f7cb6d867d0>,24,15,[10  1],25,192,207,167,192
1,<environment.Job instance at 0x7f7cb6d86870>,25,17,[8 5],26,223,240,197,223
1,<environment.Job instance at 0x7f7cb6d86910>,26,14,[10  2],27,272,286,245,272
1,<environment.Job instance at 0x7f7cb6d86a50>,30,17,[ 4 10],31,466,483,435,466
1,<environment.Job instance at 0x7f7c6d4365f0>,6,15,[9 3],7,7,22,0,7
1,<environment.Job instance at 0x7f7cb6d86af0>,4,13,[10  4],5,22,35,17,11
1,<environment.Job instance at 0x7f7cb7a0fd20>,8,14,[ 4 10],9,35,49,26,23
1,<environment.Job instance at 0x7f7c6d1450f0>,15,2,[3 5],16,67,69,51,67
1,<environment.Job instance at 0x7f7cb78f4460>,17,13,[1 9],18,69,82,51,67
1,<environment.Job instance at 0x7f7c6d487a50>,18,1,[3 7],19,82,83,63,67
1,<environment.Job instance at 0x7f7c6d487fa0>,21,16,[4 9],22,94,110,72,94
1,<environment.Job instance at 0x7f7cb6f27d70>,23,14,[5 4],24,114,128,90,114
1,<environment.Job instance at 0x7f7c6d483140>,24,15,[6 4],25,128,143,103,114
1,<environment.Job instance at 0x7f7c6d501a00>,26,17,[ 2 10],27,233,250,206,233
1,<environment.Job instance at 0x7f7cb79b3cd0>,5,14,[5 6],6,6,20,0,6
1,<environment.Job instance at 0x7f7cb7145dc0>,6,16,[8 4],7,20,36,13,8
1,<environment.Job instance at 0x7f7cb756c4b0>,11,17,[8 4],12,36,53,24,35
1,<environment.Job instance at 0x7f7cb6c90280>,13,3,[8 5],14,53,56,39,38
1,<environment.Job instance at 0x7f7cb7469640>,15,13,[7 1],16,56,69,40,45
1,<environment.Job instance at 0x7f7c6d436b90>,18,12,[3 8],19,56,68,37,55
1,<environment.Job instance at 0x7f7cb7827780>,19,18,[7 1],20,69,87,49,59
1,<environment.Job instance at 0x7f7cb7155e60>,22,2,[10  2],23,87,89,64,71
1,<environment.Job instance at 0x7f7cb73866e0>,26,2,[6 5],27,89,91,62,71
1,<environment.Job instance at 0x7f7cb7469b40>,17,18,[4 8],18,91,109,73,81
1,<environment.Job instance at 0x7f7cb7a3bf00>,27,18,[7 1],28,109,127,81,98
1,<environment.Job instance at 0x7f7cb71ef4b0>,32,18,[6 3],33,127,145,94,122
1,<environment.Job instance at 0x7f7cb790f820>,35,12,[7 2],36,145,157,109,128
1,<environment.Job instance at 0x7f7cb790f5a0>,37,16,[3 5],38,139,155,101,139
1,<environment.Job instance at 0x7f7cb790f780>,41,14,[6 3],42,157,171,115,153
1,<environment.Job instance at 0x7f7cb790fb90>,43,15,[1 8],44,171,186,127,171
1,<environment.Job instance at 0x7f7cb7ed7cd0>,50,16,[5 2],51,237,253,186,237
1,<environment.Job instance at 0x7f7cb7ed7140>,51,20,[5 4],52,237,257,185,237
1,<environment.Job instance at 0x7f7cb7ed7fa0>,53,12,[7 5],54,257,269,203,251
1,<environment.Job instance at 0x7f7cb7ed70a0>,54,14,[7 5],55,269,283,214,254
1,<environment.Job instance at 0x7f7cb79e15a0>,58,12,[5 1],59,286,298,227,286
1,<environment.Job instance at 0x7f7cb6e56410>,9,15,[7 1],10,21,36,11,21
1,<environment.Job instance at 0x7f7cb6e56a50>,5,17,[8 2],6,36,53,30,24
1,<environment.Job instance at 0x7f7c6d11f9b0>,12,2,[4 7],13,53,55,40,26
1,<environment.Job instance at 0x7f7c6d11fc80>,15,17,[ 2 10],16,69,86,53,69
1,<environment.Job instance at 0x7f7cb70210a0>,17,16,[ 1 10],18,86,102,68,73
1,<environment.Job instance at 0x7f7cb77924b0>,21,16,[1 6],22,102,118,80,89
1,<environment.Job instance at 0x7f7c6d151f00>,19,1,[3 9],20,118,119,98,90
1,<environment.Job instance at 0x7f7cb7b5ab90>,25,18,[9 3],26,119,137,93,108
1,<environment.Job instance at 0x7f7cb7b5a190>,26,16,[3 8],27,137,153,110,125
1,<environment.Job instance at 0x7f7c6d3093c0>,3,1,[8 3],4,30,31,26,30
1,<environment.Job instance at 0x7f7cb796b5f0>,5,14,[ 4 10],6,74,88,68,74
1,<environment.Job instance at 0x7f7cb796b3c0>,6,15,[8 2],7,88,103,81,75
1,<environment.Job instance at 0x7f7cb6ee7af0>,18,15,[3 7],19,103,118,84,102
1,<environment.Job instance at 0x7f7cb6ee7fa0>,19,15,[6 4],20,118,133,98,105
1,<environment.Job instance at 0x7f7cb6ee7c80>,22,15,[8 2],23,133,148,110,128
1,<environment.Job instance at 0x7f7cb6ee7280>,23,19,[8 2],24,153,172,129,153
1,<environment.Job instance at 0x7f7c6cbe7870>,7,12,[2 5],8,8,20,0,8
1,<environment.Job instance at 0x7f7c6d1bdfa0>,1,14,[8 2],2,11,25,9,11
1,<environment.Job instance at 0x7f7cb6f44e10>,13,1,[2 6],14,21,22,7,21
1,<environment.Job instance at 0x7f7c6d15f550>,9,16,[3 8],10,25,41,15,21
1,<environment.Job instance at 0x7f7cb6f44e60>,15,12,[3 9],16,43,55,27,43
1,<environment.Job instance at 0x7f7cb6cec230>,20,13,[1 8],21,55,68,34,49
1,<environment.Job instance at 0x7f7cb74050a0>,22,15,[ 4 10],23,68,83,45,66
1,<environment.Job instance at 0x7f7cb6ceccd0>,24,3,[8 2],25,90,93,65,90
1,<environment.Job instance at 0x7f7c6cc45aa0>,26,17,[4 9],27,136,153,109,136
1,<environment.Job instance at 0x7f7c6cc3d690>,30,12,[3 5],31,153,165,122,138
1,<environment.Job instance at 0x7f7cb7975780>,28,14,[5 5],29,153,167,124,138
1,<environment.Job instance at 0x7f7cb7147eb0>,33,1,[ 4 10],34,167,168,133,139
1,<environment.Job instance at 0x7f7c6cda1410>,35,16,[10  1],36,168,184,132,155
1,<environment.Job instance at 0x7f7c6cdc2a50>,41,15,[5 5],42,220,235,178,220
1,<environment.Job instance at 0x7f7c6cdc2f00>,42,12,[9 4],43,235,247,192,220
1,<environment.Job instance at 0x7f7c6cdc2230>,45,12,[4 7],46,247,259,201,230
1,<environment.Job instance at 0x7f7c6cdc2780>,49,17,[4 5],50,259,276,209,247
1,<environment.Job instance at 0x7f7c6cdc2780>,6,3,[5 1],7,7,10,0,7
1,<environment.Job instance at 0x7f7cb72da910>,7,14,[4 6],8,8,22,0,8
1,<environment.Job instance at 0x7f7cb72dabe0>,10,3,[7 2],11,22,25,11,11
1,<environment.Job instance at 0x7f7cb72dae10>,13,16,[6 3],14,33,49,19,33
1,<environment.Job instance at 0x7f7cb72daf50>,17,12,[10  2],18,75,87,57,75
1,<environment.Job instance at 0x7f7cb72c2280>,18,15,[8 2],19,87,102,68,77
1,<environment.Job instance at 0x7f7cb72c2460>,21,3,[3 7],22,102,105,80,82
1,<environment.Job instance at 0x7f7cb72c25a0>,23,16,[7 4],24,105,121,81,92
1,<environment.Job instance at 0x7f7cb72c2690>,26,14,[10  4],27,121,135,94,107
1,<environment.Job instance at 0x7f7cb72c2230>,19,18,[ 1 10],20,135,153,115,124
1,<environment.Job instance at 0x7f7cb72c2b40>,31,13,[1 7],32,153,166,121,137
1,<environment.Job instance at 0x7f7cb72c2cd0>,34,12,[5 8],35,166,178,131,155
1,<environment.Job instance at 0x7f7cb72c2d70>,36,15,[ 2 10],37,178,193,141,164
1,<environment.Job instance at 0x7f7cb72c2eb0>,40,14,[6 3],41,193,207,152,178
1,<environment.Job instance at 0x7f7cb72e40f0>,41,17,[10  2],42,224,241,182,224
1,<environment.Job instance at 0x7f7cb72e4190>,42,18,[6 5],43,241,259,198,232
1,<environment.Job instance at 0x7f7cb72e42d0>,44,14,[10  5],45,281,295,236,281
1,<environment.Job instance at 0x7f7cb6f50820>,8,2,[7 1],9,30,32,21,30
1,<environment.Job instance at 0x7f7cb75a5870>,11,12,[5 9],12,35,47,23,35
1,<environment.Job instance at 0x7f7cb6d5c500>,15,13,[2 8],16,76,89,60,76
1,<environment.Job instance at 0x7f7cb75a54b0>,14,12,[2 9],15,102,114,87,102
1,<environment.Job instance at 0x7f7cb71473c0>,17,12,[7 5],18,114,126,96,102
1,<environment.Job instance at 0x7f7c6d368cd0>,25,25,[1 7],26,153,178,127,153
1,<environment.Job instance at 0x7f7c6cae35f0>,4,1,[6 3],5,5,6,0,5
1,<environment.Job instance at 0x7f7c6cb6fc80>,6,18,[8 4],7,7,25,0,7
1,<environment.Job instance at 0x7f7c6cb6fcd0>,9,16,[5 5],10,25,41,15,12
1,<environment.Job instance at 0x7f7c6cb6f1e0>,10,18,[1 5],11,12,30,1,12
1,<environment.Job instance at 0x7f7cb71e6be0>,5,15,[7 3],6,55,70,49,55
1,<environment.Job instance at 0x7f7cb71e6b40>,8,13,[8 1],9,70,83,61,56
1,<environment.Job instance at 0x7f7cb7290be0>,13,17,[5 4],14,83,100,69,83
1,<environment.Job instance at 0x7f7cb71f6280>,15,2,[ 5 10],16,100,102,84,83
1,<environment.Job instance at 0x7f7cb71e62d0>,9,12,[3 9],10,155,167,145,155
1,<environment.Job instance at 0x7f7cb71f6730>,24,14,[ 4 10],25,167,181,142,155
1,<environment.Job instance at 0x7f7cb71ee5a0>,26,12,[5 3],27,181,193,154,164
1,<environment.Job instance at 0x7f7c6d0cfa00>,30,16,[2 9],31,193,209,162,182
1,<environment.Job instance at 0x7f7cb71f09b0>,33,15,[4 8],34,209,224,175,195
1,<environment.Job instance at 0x7f7c6d3b58c0>,38,15,[2 9],39,251,266,212,251
1,<environment.Job instance at 0x7f7cb7983a50>,41,18,[1 7],42,271,289,229,271
1,<environment.Job instance at 0x7f7cb71ca0f0>,3,16,[10  4],4,8,24,4,8
1,<environment.Job instance at 0x7f7cb74d0fa0>,0,14,[ 4 10],1,24,38,23,10
1,<environment.Job instance at 0x7f7c6cd44780>,11,16,[1 7],12,38,54,26,25
1,<environment.Job instance at 0x7f7c6ccf81e0>,15,13,[ 5 10],16,54,67,38,41
1,<environment.Job instance at 0x7f7cb715e190>,6,13,[5 6],7,23,36,16,23
1,<environment.Job instance at 0x7f7cb715ef00>,5,12,[4 5],6,36,48,30,23
1,<environment.Job instance at 0x7f7cb715e0f0>,9,1,[10  3],10,48,49,38,23
1,<environment.Job instance at 0x7f7cb715e820>,7,14,[9 5],8,51,65,43,51
1,<environment.Job instance at 0x7f7cb715eaf0>,12,16,[10  5],13,65,81,52,52
1,<environment.Job instance at 0x7f7cb715e050>,8,14,[ 1 10],9,81,95,72,66
1,<environment.Job instance at 0x7f7c6ccf81e0>,2,15,[2 8],3,95,110,92,82
1,<environment.Job instance at 0x7f7cb77895f0>,4,15,[4 6],5,5,20,0,5
1,<environment.Job instance at 0x7f7cb77898c0>,6,12,[9 4],7,20,32,13,8
1,<environment.Job instance at 0x7f7cb7789f00>,9,16,[2 7],10,32,48,22,21
1,<environment.Job instance at 0x7f7cb77896e0>,5,15,[3 9],6,48,63,42,48
1,<environment.Job instance at 0x7f7cb6e56050>,19,14,[ 1 10],20,74,88,54,74
1,<environment.Job instance at 0x7f7cb7789d70>,3,15,[2 8],4,88,103,84,74
1,<environment.Job instance at 0x7f7cb6e56a00>,22,18,[3 5],23,103,121,80,94
1,<environment.Job instance at 0x7f7cb6e56c30>,27,1,[ 4 10],28,141,142,113,141
1,<environment.Job instance at 0x7f7cb6e56960>,26,17,[1 9],27,146,163,119,146
1,<environment.Job instance at 0x7f7cb6e567d0>,29,16,[4 9],30,163,179,133,162
1,<environment.Job instance at 0x7f7cb7abf640>,32,18,[1 9],33,179,197,146,170
1,<environment.Job instance at 0x7f7cb7abf500>,34,15,[6 4],35,197,212,162,195
1,<environment.Job instance at 0x7fea0b78e370>,1,15,[4 5],2,2,17,0,2
1,<environment.Job instance at 0x7fea0437f5a0>,7,12,[7 2],8,17,29,9,9
1,<environment.Job instance at 0x7fea0437f550>,9,17,[8 1],10,29,46,19,24
1,<environment.Job instance at 0x7fea0437f690>,10,14,[1 6],11,26,40,15,26
1,<environment.Job instance at 0x7fea0437f7d0>,13,15,[4 5],14,46,61,32,43
1,<environment.Job instance at 0x7fea0b78e190>,3,13,[3 8],4,84,97,80,84
1,<environment.Job instance at 0x7fea0437fb90>,18,18,[3 6],19,147,165,128,147
1,<environment.Job instance at 0x7fea0437ff50>,22,3,[4 6],23,165,168,142,147
1,<environment.Job instance at 0x7fea043800a0>,25,16,[5 3],26,151,167,125,151
1,<environment.Job instance at 0x7fea04380460>,28,2,[5 8],29,190,192,161,190
1,<environment.Job instance at 0x7fea043805f0>,30,15,[8 2],31,196,211,165,196
1,<environment.Job instance at 0x7fea04380690>,31,13,[4 5],32,211,224,179,196
1,<environment.Job instance at 0x7fea04380910>,35,3,[9 5],36,224,227,188,198
1,<environment.Job instance at 0x7fea04380a50>,37,15,[2 5],38,205,220,167,205
1,<environment.Job instance at 0x7fea04380af0>,38,16,[1 5],39,220,236,181,212
1,<environment.Job instance at 0x7fea043809b0>,36,16,[8 1],37,227,243,190,217
1,<environment.Job instance at 0x7fea04380cd0>,41,3,[6 3],42,243,246,201,217
1,<environment.Job instance at 0x7fea04380c30>,40,17,[ 3 10],41,382,399,341,382
1,<environment.Job instance at 0x7fea04329320>,3,2,[ 1 10],4,6,8,2,6
1,<environment.Job instance at 0x7fe9c0770f50>,6,14,[8 4],7,8,22,1,7
1,<environment.Job instance at 0x7fe9c0770b90>,7,3,[5 4],8,22,25,14,8
1,<environment.Job instance at 0x7fea04329280>,2,15,[3 9],3,25,40,22,14
1,<environment.Job instance at 0x7fe9c0770640>,9,16,[ 3 10],10,40,56,30,29
1,<environment.Job instance at 0x7fe9c0779320>,18,17,[10  2],19,83,100,64,83
1,<environment.Job instance at 0x7fe9c06b7050>,4,3,[10  4],5,5,8,0,5
1,<environment.Job instance at 0x7fe9c06b7550>,11,12,[8 2],12,18,30,6,18
1,<environment.Job instance at 0x7fe9c06a7fa0>,21,17,[2 6],22,94,111,72,94
1,<environment.Job instance at 0x7fe9c05d8af0>,3,18,[4 8],4,111,129,107,102
1,<environment.Job instance at 0x7fe9c06a78c0>,24,12,[ 1 10],25,129,141,104,112
1,<environment.Job instance at 0x7fe9c06a79b0>,26,14,[9 5],27,141,155,114,130
1,<environment.Job instance at 0x7fea04509be0>,29,17,[2 8],30,156,173,126,156
1,<environment.Job instance at 0x7fea04509460>,32,16,[3 9],33,173,189,140,160
1,<environment.Job instance at 0x7fea046a87d0>,0,3,[5 1],1,3,6,2,3
1,<environment.Job instance at 0x7fea0add7eb0>,3,16,[5 1],4,8,24,4,8
1,<environment.Job instance at 0x7fea045bbf00>,10,12,[8 2],11,26,38,15,26
1,<environment.Job instance at 0x7fea0b0757d0>,14,16,[5 5],15,143,159,128,143
1,<environment.Job instance at 0x7fea0481f690>,0,12,[2 7],1,3,15,2,3
1,<environment.Job instance at 0x7fea0ae25820>,1,14,[ 4 10],2,15,29,13,7
1,<environment.Job instance at 0x7fe9c0a4baa0>,7,13,[7 4],8,29,42,21,22
1,<environment.Job instance at 0x7fe9c073a5f0>,13,16,[7 2],14,46,62,32,46
1,<environment.Job instance at 0x7fea0acb24b0>,16,3,[4 8],17,66,69,49,66
1,<environment.Job instance at 0x7fea0acb9af0>,15,16,[5 7],16,69,85,53,67
1,<environment.Job instance at 0x7fea042ea0a0>,18,2,[1 6],19,85,87,66,67
1,<environment.Job instance at 0x7fea0accdc80>,22,3,[2 6],23,92,95,69,92
1,<environment.Job instance at 0x7fea0acc41e0>,27,12,[ 5 10],28,121,133,93,121
1,<environment.Job instance at 0x7fea0acc4460>,29,14,[5 1],30,146,160,116,146
1,<environment.Job instance at 0x7fea0acc4640>,30,15,[7 3],31,160,175,129,146
1,<environment.Job instance at 0x7fea0acc4960>,34,25,[1 6],35,169,194,134,169
1,<environment.Job instance at 0x7fea0acc48c0>,37,12,[6 4],38,183,195,145,183
1,<environment.Job instance at 0x7fea0acc4d20>,39,14,[ 3 10],40,195,209,155,190
1,<environment.Job instance at 0x7fea0acc3280>,40,1,[7 3],41,209,210,168,190
1,<environment.Job instance at 0x7fea0acc9dc0>,43,16,[9 4],44,210,226,166,202
1,<environment.Job instance at 0x7fea0acd55a0>,48,18,[5 5],49,246,264,197,246
1,<environment.Job instance at 0x7fea0acd52d0>,49,16,[5 5],50,246,262,196,246
1,<environment.Job instance at 0x7fea0acd56e0>,50,17,[ 3 10],51,267,284,216,267
1,<environment.Job instance at 0x7fea0acd5e60>,53,18,[1 5],54,284,302,230,273
1,<environment.Job instance at 0x7fea0acd5eb0>,54,18,[9 5],55,284,302,229,273
1,<environment.Job instance at 0x7fea0acaf870>,56,14,[1 9],57,302,316,245,292
1,<environment.Job instance at 0x7fea047ee460>,2,12,[7 3],3,3,15,0,3
1,<environment.Job instance at 0x7fea0ad43640>,3,20,[ 1 10],4,15,35,11,7
1,<environment.Job instance at 0x7fea0b03ac30>,7,2,[5 7],8,35,37,27,8
1,<environment.Job instance at 0x7fea0ad435f0>,9,15,[4 8],10,37,52,27,23
1,<environment.Job instance at 0x7fea0af6c690>,18,13,[8 2],19,53,66,34,53
1,<environment.Job instance at 0x7fea0439eaa0>,20,21,[9 1],21,73,94,52,73
1,<environment.Job instance at 0x7fea0afd4550>,26,14,[5 5],27,100,114,73,100
1,<environment.Job instance at 0x7fe9c0ac64b0>,3,16,[7 3],4,4,20,0,4
1,<environment.Job instance at 0x7fe9c0ac6820>,4,12,[8 4],5,20,32,15,5
1,<environment.Job instance at 0x7fea043ece10>,11,12,[6 2],12,32,44,20,27
1,<environment.Job instance at 0x7fea0452c910>,12,17,[2 5],13,31,48,18,31
1,<environment.Job instance at 0x7fe9c0905aa0>,21,15,[2 6],22,71,86,49,71
1,<environment.Job instance at 0x7fe9c0ac6960>,5,16,[1 8],6,86,102,80,73
1,<environment.Job instance at 0x7fe9c0d0e3c0>,4,13,[8 2],5,6,19,1,6
1,<environment.Job instance at 0x7fea0425de10>,0,16,[6 1],1,19,35,18,7
1,<environment.Job instance at 0x7fe9c0d0e5f0>,8,15,[5 1],9,35,50,26,23
1,<environment.Job instance at 0x7fe9c0d0e6e0>,9,3,[2 7],10,23,26,13,23
1,<environment.Job instance at 0x7fe9c0d0e640>,7,16,[4 6],8,26,42,18,24
1,<environment.Job instance at 0x7fea0abaeaf0>,3,18,[9 4],4,50,68,46,41
1,<environment.Job instance at 0x7fea045da320>,1,12,[2 5],2,4,16,2,4
1,<environment.Job instance at 0x7fea046dfcd0>,5,17,[10  4],6,48,65,42,48
1,<environment.Job instance at 0x7fea045da870>,0,13,[4 8],1,65,78,64,49
1,<environment.Job instance at 0x7fea045be0a0>,16,18,[ 2 10],17,78,96,61,71
1,<environment.Job instance at 0x7fea045bec80>,18,3,[6 5],19,96,99,77,78
1,<environment.Job instance at 0x7fea045b8550>,20,18,[9 1],21,99,117,78,90
1,<environment.Job instance at 0x7fea043a1690>,23,12,[5 4],24,136,148,112,136
1,<environment.Job instance at 0x7fea0438d4b0>,25,13,[8 3],26,161,174,135,161
1,<environment.Job instance at 0x7fe9c0c562d0>,21,15,[3 9],22,174,189,152,161
1,<environment.Job instance at 0x7fea0416b500>,26,15,[ 5 10],27,206,221,179,206
1,<environment.Job instance at 0x7fe9c0c7b050>,5,13,[5 4],6,7,20,1,7
1,<environment.Job instance at 0x7fea045dda00>,8,12,[7 5],9,20,32,11,9
1,<environment.Job instance at 0x7fea0ae22500>,9,1,[10  1],10,32,33,22,10
1,<environment.Job instance at 0x7fe9c0c5e4b0>,13,14,[6 2],14,33,47,19,25
1,<environment.Job instance at 0x7fe9c0655500>,14,13,[6 5],15,47,60,32,31
1,<environment.Job instance at 0x7fe9c0655c80>,15,28,[1 5],16,34,62,18,34
1,<environment.Job instance at 0x7fe9c07cbc80>,21,20,[3 9],22,62,82,40,61
1,<environment.Job instance at 0x7fe9c09935f0>,7,21,[5 2],8,20,41,12,20
1,<environment.Job instance at 0x7fe9c0993550>,9,3,[8 4],10,41,44,31,20
1,<environment.Job instance at 0x7fe9c0abe870>,11,3,[7 1],12,44,47,32,20
1,<environment.Job instance at 0x7fe9c0993910>,8,19,[3 5],9,20,39,11,20
1,<environment.Job instance at 0x7fe9c0993230>,10,16,[1 7],11,116,132,105,116
1,<environment.Job instance at 0x7fe9c0b5dc80>,21,14,[8 1],22,118,132,96,118
1,<environment.Job instance at 0x7fea0b0e5140>,16,18,[8 4],17,132,150,115,124
1,<environment.Job instance at 0x7fea04651780>,26,14,[3 7],27,150,164,123,135
1,<environment.Job instance at 0x7fea045a6aa0>,29,18,[4 9],30,164,182,134,154
1,<environment.Job instance at 0x7fea04649190>,2,17,[9 4],3,42,59,39,42
1,<environment.Job instance at 0x7fe9c0570230>,12,12,[4 7],13,59,71,46,44
1,<environment.Job instance at 0x7fe9c0570280>,4,15,[6 1],5,59,74,54,45
1,<environment.Job instance at 0x7fe9c05701e0>,16,17,[8 4],17,91,108,74,91
1,<environment.Job instance at 0x7fe9c0570e10>,24,3,[6 4],25,142,145,117,142
1,<environment.Job instance at 0x7fe9c0570500>,20,18,[3 8],21,145,163,124,142
1,<environment.Job instance at 0x7fea044d1370>,7,13,[6 1],8,8,21,0,8
1,<environment.Job instance at 0x7fe9c0bb2960>,13,12,[2 9],14,47,59,33,47
1,<environment.Job instance at 0x7fea0417e9b0>,19,14,[10  5],20,72,86,52,72
1,<environment.Job instance at 0x7fe9c07907d0>,22,14,[4 9],23,2901,2915,2878,2901
1,<environment.Job instance at 0x7fe9c0814af0>,26,20,[5 4],27,2915,2935,2888,2907
1,<environment.Job instance at 0x7fea0ab8dc80>,10,2,[5 7],11,22,24,11,22
1,<environment.Job instance at 0x7fea0ab8da00>,17,16,[6 3],18,99,115,81,99
1,<environment.Job instance at 0x7fe9c0b1deb0>,20,18,[7 3],21,115,133,94,106
1,<environment.Job instance at 0x7fe9c0b1d230>,22,14,[10  5],23,164,178,141,164
1,<environment.Job instance at 0x7fe9c0b1d690>,23,16,[7 1],24,178,194,154,165
1,<environment.Job instance at 0x7fe9c0b1dfa0>,26,18,[5 9],27,194,212,167,190
1,<environment.Job instance at 0x7fe9c0b1d1e0>,28,15,[10  3],29,212,227,183,202
1,<environment.Job instance at 0x7fe9c0b1d2d0>,29,18,[4 6],30,227,245,197,216
1,<environment.Job instance at 0x7fe9c0b1d140>,33,12,[4 8],34,245,257,211,233
1,<environment.Job instance at 0x7fe9c0c54280>,5,18,[5 4],6,6,24,0,6
1,<environment.Job instance at 0x7fe9c06b1280>,7,15,[6 1],8,24,39,16,11
1,<environment.Job instance at 0x7fe9c0b6e230>,9,12,[8 4],10,39,51,29,23
1,<environment.Job instance at 0x7fe9c07321e0>,4,2,[8 3],5,19,21,14,19
1,<environment.Job instance at 0x7fe9c0732a00>,5,16,[3 9],6,73,89,67,73
1,<environment.Job instance at 0x7fea0448e460>,12,1,[8 3],13,89,90,76,73
1,<environment.Job instance at 0x7fea041f7500>,13,2,[5 6],14,90,92,76,73
1,<environment.Job instance at 0x7fea041f7190>,14,12,[ 3 10],15,92,104,77,75
1,<environment.Job instance at 0x7fea0af61d70>,1,18,[2 6],2,104,122,102,93
1,<environment.Job instance at 0x7fea041f78c0>,19,14,[5 3],20,104,118,84,100
1,<environment.Job instance at 0x7fea041f7050>,17,13,[6 4],18,175,188,157,175
1,<environment.Job instance at 0x7fea041f7fa0>,21,17,[2 8],22,208,225,186,208
1,<environment.Job instance at 0x7fe9c0a00730>,23,18,[5 8],24,389,407,365,389
1,<environment.Job instance at 0x7fe9c0a00550>,24,17,[3 9],25,1420,1437,1395,1420
1,<environment.Job instance at 0x7fea0425cdc0>,8,15,[5 6],9,13,28,4,13
1,<environment.Job instance at 0x7fea0425c3c0>,13,14,[5 8],14,28,42,14,24
1,<environment.Job instance at 0x7fea0425cfa0>,9,17,[5 5],10,70,87,60,70
1,<environment.Job instance at 0x7fea04480f50>,22,15,[4 6],23,87,102,64,76
1,<environment.Job instance at 0x7fea0acaa3c0>,24,17,[3 6],25,102,119,77,91
1,<environment.Job instance at 0x7fea04230d20>,27,12,[6 1],28,102,114,74,102
1,<environment.Job instance at 0x7fe9c03d0a50>,1,1,[9 3],2,5,6,3,5
1,<environment.Job instance at 0x7fea0afda190>,9,17,[2 6],10,23,40,13,23
1,<environment.Job instance at 0x7fea0afda5a0>,13,15,[5 5],14,46,61,32,46
1,<environment.Job instance at 0x7fe9c03092d0>,15,12,[4 5],16,73,85,57,73
1,<environment.Job instance at 0x7fe9c0309f50>,17,14,[9 5],18,85,99,67,73
1,<environment.Job instance at 0x7fea0483ae10>,19,1,[10  3],20,99,100,79,73
1,<environment.Job instance at 0x7fe9c08a0a50>,22,16,[10  5],23,102,118,79,102
1,<environment.Job instance at 0x7fe9c02c5f00>,5,15,[10  3],6,118,133,112,108
1,<environment.Job instance at 0x7fe9c0636b90>,24,16,[ 2 10],25,133,149,108,125
1,<environment.Job instance at 0x7fe9c05b7410>,27,16,[3 8],28,149,165,121,138
1,<environment.Job instance at 0x7fea04404c80>,0,3,[8 1],1,6,9,5,6
1,<environment.Job instance at 0x7fea04404b90>,4,15,[4 6],5,9,24,4,9
1,<environment.Job instance at 0x7fea04404c30>,3,15,[2 8],4,24,39,20,11
1,<environment.Job instance at 0x7fea04404aa0>,12,14,[7 5],13,39,53,26,27
1,<environment.Job instance at 0x7fea04404370>,10,17,[3 6],11,53,70,42,51
1,<environment.Job instance at 0x7fea0417e140>,18,15,[5 5],19,78,93,59,78
1,<environment.Job instance at 0x7fea0417ef00>,19,14,[ 1 10],20,93,107,73,78
1,<environment.Job instance at 0x7fea0417e5a0>,20,15,[3 5],21,78,93,57,78
1,<environment.Job instance at 0x7fea0417edc0>,25,15,[2 9],26,147,162,121,147
1,<environment.Job instance at 0x7fea0417ef50>,26,17,[1 9],27,162,179,135,150
1,<environment.Job instance at 0x7fea04312aa0>,32,18,[1 9],33,179,197,146,175
1,<environment.Job instance at 0x7fea0b690550>,9,27,[6 2],10,10,37,0,10
1,<environment.Job instance at 0x7fe9c071fd20>,2,18,[4 8],3,15,33,12,15
1,<environment.Job instance at 0x7fea0b690c80>,7,16,[7 3],8,37,53,29,24
1,<environment.Job instance at 0x7fea0b690050>,15,12,[8 1],16,53,65,37,36
1,<environment.Job instance at 0x7fea0b690500>,17,14,[9 2],18,65,79,47,50
1,<environment.Job instance at 0x7fea0b6906e0>,19,16,[5 3],20,79,95,59,66
1,<environment.Job instance at 0x7fea0b690190>,20,15,[4 9],21,95,110,74,81
1,<environment.Job instance at 0x7fe9c0482190>,5,14,[1 9],6,110,124,104,96
1,<environment.Job instance at 0x7f1d4bd04f50>,13,18,[ 4 10],14,79,97,65,79
1,<environment.Job instance at 0x7f1d4bd073c0>,16,16,[3 5],17,97,113,80,84
1,<environment.Job instance at 0x7f1d4efde3c0>,7,17,[8 5],8,15,32,7,15
1,<environment.Job instance at 0x7f1d4efde9b0>,9,14,[2 7],10,32,46,22,17
1,<environment.Job instance at 0x7f1d4efde4b0>,12,18,[5 5],13,46,64,33,35
1,<environment.Job instance at 0x7f1d4efde820>,15,2,[10  4],16,64,66,48,37
1,<environment.Job instance at 0x7f1d4efd50a0>,17,18,[3 8],18,66,84,48,56
1,<environment.Job instance at 0x7f1d06006d70>,9,21,[ 1 10],10,47,68,37,47
1,<environment.Job instance at 0x7f1d06006b40>,13,2,[6 2],14,117,119,103,117
1,<environment.Job instance at 0x7f1d06006cd0>,10,14,[10  4],11,119,133,108,118
1,<environment.Job instance at 0x7f1d4bcfd050>,3,14,[5 2],4,5,19,1,5
1,<environment.Job instance at 0x7f1d4ee903c0>,0,14,[1 7],1,5,19,4,5
1,<environment.Job instance at 0x7f1d0662b230>,8,17,[5 5],9,23,40,14,23
1,<environment.Job instance at 0x7f1d064ce690>,9,17,[3 7],10,40,57,30,29
1,<environment.Job instance at 0x7f1d064ce730>,11,18,[1 9],12,57,75,45,46
1,<environment.Job instance at 0x7f1d066c28c0>,8,17,[5 2],9,27,44,18,27
1,<environment.Job instance at 0x7f1d064ce730>,7,15,[3 7],8,27,42,19,27
1,<environment.Job instance at 0x7f1d066c2a50>,13,2,[5 9],14,44,46,30,27
1,<environment.Job instance at 0x7f1d0617f640>,0,17,[7 5],1,46,63,45,35
1,<environment.Job instance at 0x7f1d066c2be0>,16,17,[3 8],17,63,80,46,52
1,<environment.Job instance at 0x7f1d4c79dd20>,4,14,[5 5],5,26,40,21,26
1,<environment.Job instance at 0x7f1d4be13910>,7,17,[5 2],8,26,43,18,26
1,<environment.Job instance at 0x7f1d4c5a1b40>,3,12,[9 1],4,43,55,39,28
1,<environment.Job instance at 0x7f1d4c060fa0>,8,18,[4 5],9,55,73,46,53
1,<environment.Job instance at 0x7f1d4c060e60>,13,13,[4 7],14,73,86,59,73
1,<environment.Job instance at 0x7f1d4c060690>,17,13,[5 4],18,100,113,82,100
1,<environment.Job instance at 0x7f1d4c786960>,20,13,[4 5],21,100,113,79,100
1,<environment.Job instance at 0x7f1d4c786690>,25,17,[7 2],26,120,137,94,120
1,<environment.Job instance at 0x7f1d4c786d70>,26,13,[4 9],27,137,150,110,121
1,<environment.Job instance at 0x7f1d06284870>,3,17,[9 4],4,68,85,64,68
1,<environment.Job instance at 0x7f1d4bf8c820>,13,15,[5 1],14,85,100,71,71
1,<environment.Job instance at 0x7f1d4bf8ceb0>,15,18,[10  5],16,100,118,84,99
1,<environment.Job instance at 0x7f1d06056370>,6,12,[9 5],7,17,29,10,17
1,<environment.Job instance at 0x7f1d05e993c0>,9,12,[ 5 10],10,29,41,19,17
1,<environment.Job instance at 0x7f1d06633870>,11,12,[3 8],12,41,53,29,25
1,<environment.Job instance at 0x7f1d0660f0f0>,17,18,[1 5],18,69,87,51,69
1,<environment.Job instance at 0x7f1d061cdf50>,22,2,[5 7],23,141,143,118,141
1,<environment.Job instance at 0x7f1d062d4c80>,19,13,[1 7],20,145,158,125,145
1,<environment.Job instance at 0x7f1d4bbf7230>,26,13,[5 5],27,158,171,131,146
1,<environment.Job instance at 0x7f1d4bbf7910>,27,2,[6 3],28,150,152,122,150
1,<environment.Job instance at 0x7f1d4bbf77d0>,30,18,[1 6],31,171,189,140,168
1,<environment.Job instance at 0x7f1d4bc17320>,34,16,[10  4],35,189,205,154,178
1,<environment.Job instance at 0x7f1d4c288a50>,2,16,[4 8],3,4,20,1,4
1,<environment.Job instance at 0x7f1d4c2887d0>,8,13,[3 6],9,20,33,11,9
1,<environment.Job instance at 0x7f1d4ea58c30>,12,14,[7 4],13,45,59,32,45
1,<environment.Job instance at 0x7f1d4c288050>,3,15,[10  4],4,59,74,55,50
1,<environment.Job instance at 0x7f1d4ea58aa0>,16,3,[3 5],17,52,55,35,52
1,<environment.Job instance at 0x7f1d4ea58a50>,18,13,[7 2],19,74,87,55,61
1,<environment.Job instance at 0x7f1d4ea58cd0>,14,17,[8 4],15,101,118,86,101
1,<environment.Job instance at 0x7f1d4bf46b40>,22,16,[5 5],23,118,134,95,105
1,<environment.Job instance at 0x7f1d4bf46690>,25,3,[10  2],26,134,137,108,113
1,<environment.Job instance at 0x7f1d4c599050>,21,17,[4 8],22,139,156,117,139
1,<environment.Job instance at 0x7f1d4bf46780>,32,3,[8 4],33,161,164,128,161
1,<environment.Job instance at 0x7f1d4bf462d0>,33,15,[5 8],34,164,179,130,161
1,<environment.Job instance at 0x7f1d4bf465a0>,35,13,[10  4],36,186,199,150,186
1,<environment.Job instance at 0x7f1d4bf46aa0>,36,16,[6 3],37,199,215,162,187
1,<environment.Job instance at 0x7f1d4bf46820>,30,16,[3 8],31,215,231,184,204
1,<environment.Job instance at 0x7f1d4ed5c050>,42,3,[2 7],43,210,213,167,210
1,<environment.Job instance at 0x7f1d4ed5c5f0>,44,12,[10  3],45,231,243,186,231
1,<environment.Job instance at 0x7f1d4ed5c230>,45,1,[ 1 10],46,243,244,197,231
1,<environment.Job instance at 0x7f1d4beb63c0>,48,13,[5 1],49,244,257,195,243
1,<environment.Job instance at 0x7f1d4bb9d230>,8,12,[8 5],9,35,47,26,35
1,<environment.Job instance at 0x7f1d062f28c0>,0,16,[10  4],1,63,79,62,63
1,<environment.Job instance at 0x7f1d4bb3e640>,0,15,[5 5],1,3,18,2,3
1,<environment.Job instance at 0x7f1d4bb3edc0>,5,12,[10  5],6,18,30,12,8
1,<environment.Job instance at 0x7f1d05dd78c0>,3,18,[4 9],4,30,48,26,25
1,<environment.Job instance at 0x7f1d4c397230>,11,17,[ 5 10],12,48,65,36,38
1,<environment.Job instance at 0x7f1d06451af0>,16,13,[7 5],17,65,78,48,58
1,<environment.Job instance at 0x7f1d4c7a7e10>,17,18,[5 9],18,78,96,60,68
1,<environment.Job instance at 0x7f1d4bc85aa0>,23,13,[10  4],24,96,109,72,81
1,<environment.Job instance at 0x7f1d0665ffa0>,8,12,[3 8],9,24,36,15,24
1,<environment.Job instance at 0x7f1d0665fd70>,9,27,[1 5],10,36,63,26,36
1,<environment.Job instance at 0x7f1d066793c0>,14,14,[1 5],15,56,70,41,56
1,<environment.Job instance at 0x7f1d06679460>,15,12,[1 6],16,70,82,54,60
1,<environment.Job instance at 0x7f1d4bd99b40>,2,13,[3 6],3,3,16,0,3
1,<environment.Job instance at 0x7f1d4bd99be0>,0,18,[7 1],1,5,23,4,5
1,<environment.Job instance at 0x7f1d4bf486e0>,9,1,[3 7],10,23,24,13,23
1,<environment.Job instance at 0x7f1d4bf48690>,14,15,[9 1],15,50,65,35,50
1,<environment.Job instance at 0x7f1d06679410>,3,18,[ 3 10],4,65,83,61,57
1,<environment.Job instance at 0x7f1d4c18dc80>,18,17,[5 5],19,89,106,70,89
1,<environment.Job instance at 0x7f1d4c18d1e0>,21,14,[5 5],22,92,106,70,92
1,<environment.Job instance at 0x7f1d4c18d500>,22,13,[1 5],23,106,119,83,92
1,<environment.Job instance at 0x7f1d4c18da00>,26,20,[7 1],27,142,162,115,142
1,<environment.Job instance at 0x7f1d4c18d0a0>,28,16,[4 9],29,162,178,133,150
1,<environment.Job instance at 0x7f1d05e27c80>,0,16,[9 2],1,58,74,57,58
1,<environment.Job instance at 0x7f1d05e27a00>,2,17,[5 8],3,74,91,71,62
1,<environment.Job instance at 0x7f1d0662b7d0>,18,12,[6 2],19,91,103,72,87
1,<environment.Job instance at 0x7f1d0662b730>,21,16,[1 9],22,173,189,151,173
1,<environment.Job instance at 0x7f1d0662b9b0>,22,16,[3 5],23,189,205,166,176
1,<environment.Job instance at 0x7f1d4c29c280>,27,18,[1 7],28,205,223,177,194
1,<environment.Job instance at 0x7f1d4c29c410>,29,13,[10  5],30,223,236,193,208
1,<environment.Job instance at 0x7f1d4c29c7d0>,31,14,[3 6],32,236,250,204,222
1,<environment.Job instance at 0x7f1d4c29ca50>,33,12,[6 1],34,236,248,202,222
1,<environment.Job instance at 0x7f1d0614f820>,37,17,[1 7],38,250,267,212,239
1,<environment.Job instance at 0x7f1d05de6c30>,4,1,[10  5],5,43,44,38,43
1,<environment.Job instance at 0x7f1d06269f50>,10,15,[5 5],11,65,80,54,65
1,<environment.Job instance at 0x7f1d06269af0>,13,15,[ 1 10],14,90,105,76,90
1,<environment.Job instance at 0x7f1d06260230>,14,13,[7 5],15,105,118,90,90
1,<environment.Job instance at 0x7f1d05dd6e10>,6,2,[10  5],7,72,74,65,72
1,<environment.Job instance at 0x7f1d05dd6960>,9,14,[1 7],10,74,88,64,72
1,<environment.Job instance at 0x7f1d06260140>,1,15,[10  4],2,96,111,94,96
1,<environment.Job instance at 0x7f1d05dd6b40>,16,13,[1 5],17,131,144,114,131
1,<environment.Job instance at 0x7f1d4c0199b0>,17,15,[ 5 10],18,145,160,127,145
1,<environment.Job instance at 0x7f1d4c019d20>,20,14,[9 5],21,160,174,139,145
1,<environment.Job instance at 0x7f1d4c019050>,23,18,[9 4],24,174,192,150,170
1,<environment.Job instance at 0x7f1d4c019460>,24,18,[ 4 10],25,192,210,167,183
1,<environment.Job instance at 0x7f1d4c019640>,29,17,[5 7],30,210,227,180,198
1,<environment.Job instance at 0x7f1d0629f7d0>,32,16,[ 4 10],33,227,243,194,227
1,<environment.Job instance at 0x7f1d0629f5f0>,1,3,[2 7],2,4,7,2,4
1,<environment.Job instance at 0x7f1d05f6f910>,11,13,[9 3],12,44,57,32,44
1,<environment.Job instance at 0x7f1d05ec26e0>,13,15,[3 8],14,57,72,43,45
1,<environment.Job instance at 0x7f1d05f6f0a0>,1,1,[9 1],2,2,3,0,2
1,<environment.Job instance at 0x7f1d4c7412d0>,7,14,[8 1],8,11,25,3,11
1,<environment.Job instance at 0x7f1d05e74050>,8,16,[ 4 10],9,25,41,16,16
1,<environment.Job instance at 0x7f1d4c51ab90>,7,2,[6 3],8,8,10,0,8
1,<environment.Job instance at 0x7f1d4c51a370>,9,15,[10  1],10,11,26,1,11
1,<environment.Job instance at 0x7f1d4c51a320>,10,14,[3 8],11,26,40,15,11
1,<environment.Job instance at 0x7f1d4c51a730>,4,14,[7 2],5,28,42,23,28
1,<environment.Job instance at 0x7f1d4c50beb0>,12,14,[5 4],13,42,56,29,28
1,<environment.Job instance at 0x7f1d4c51adc0>,11,16,[6 5],12,56,72,44,43
1,<environment.Job instance at 0x7f1d4c50b3c0>,18,16,[9 2],19,72,88,53,62
1,<environment.Job instance at 0x7f1d4c50b690>,21,17,[8 4],22,88,105,66,76
1,<environment.Job instance at 0x7f1d4bbe2140>,4,18,[6 2],5,9,27,4,9
1,<environment.Job instance at 0x7f1d060bc820>,11,14,[5 5],12,27,41,15,19
1,<environment.Job instance at 0x7f1d4c443b90>,14,16,[6 1],15,41,57,26,30
1,<environment.Job instance at 0x7f1d062a30f0>,3,17,[ 2 10],4,57,74,53,48
1,<environment.Job instance at 0x7f1d060d25a0>,20,16,[10  2],21,74,90,53,64
1,<environment.Job instance at 0x7f1d4bbb6a50>,22,12,[1 8],23,90,102,67,73
1,<environment.Job instance at 0x7f6169df3410>,4,14,[1 6],5,69,83,64,69
1,<environment.Job instance at 0x7f61629e5f50>,13,18,[ 4 10],14,83,101,69,83
1,<environment.Job instance at 0x7f61629e8320>,15,18,[2 8],16,101,119,85,90
1,<environment.Job instance at 0x7f6169f6fa00>,3,14,[8 1],4,4,18,0,4
1,<environment.Job instance at 0x7f6169f634b0>,9,2,[ 3 10],10,18,20,8,10
1,<environment.Job instance at 0x7f6169f6f7d0>,0,17,[1 6],1,24,41,23,24
1,<environment.Job instance at 0x7f6169f68f50>,14,13,[6 3],15,24,37,9,24
1,<environment.Job instance at 0x7f6169f68c80>,17,19,[4 8],18,41,60,23,32
1,<environment.Job instance at 0x7f6169f682d0>,21,14,[2 6],22,60,74,38,45
1,<environment.Job instance at 0x7f6169f68eb0>,19,12,[10  2],20,74,86,54,60
1,<environment.Job instance at 0x7f6169f68280>,22,15,[5 9],23,86,101,63,73
1,<environment.Job instance at 0x7f6169e1ea00>,27,3,[5 5],28,101,104,73,79
1,<environment.Job instance at 0x7f6169e1e460>,28,2,[ 3 10],29,104,106,75,79
1,<environment.Job instance at 0x7f6169e1e730>,30,16,[7 1],31,106,122,75,93
1,<environment.Job instance at 0x7f611ed935f0>,9,2,[1 8],10,12,14,2,12
1,<environment.Job instance at 0x7f611ed93870>,10,15,[8 3],11,14,29,3,13
1,<environment.Job instance at 0x7f611ed930f0>,12,13,[ 5 10],13,48,61,35,48
1,<environment.Job instance at 0x7f611ed936e0>,15,14,[ 2 10],16,80,94,64,80
1,<environment.Job instance at 0x7f611ed937d0>,13,16,[ 3 10],14,94,110,80,84
1,<environment.Job instance at 0x7f611ed933c0>,18,12,[7 5],19,110,122,91,95
1,<environment.Job instance at 0x7f611ed93410>,21,13,[5 6],22,122,135,100,122
1,<environment.Job instance at 0x7f611edd3f00>,27,12,[4 8],28,165,177,137,165
1,<environment.Job instance at 0x7f611edd3780>,30,14,[1 7],31,213,227,182,213
1,<environment.Job instance at 0x7f611edb7f00>,5,13,[5 2],6,6,19,0,6
1,<environment.Job instance at 0x7f611edb7550>,9,12,[9 3],10,22,34,12,22
1,<environment.Job instance at 0x7f611ee148c0>,13,12,[1 7],14,34,46,20,34
1,<environment.Job instance at 0x7f611ee14f50>,14,3,[10  2],15,46,49,31,34
1,<environment.Job instance at 0x7f611ee144b0>,15,3,[5 5],16,49,52,33,35
1,<environment.Job instance at 0x7f611ee14e60>,16,3,[ 5 10],17,52,55,35,35
1,<environment.Job instance at 0x7f611ee14500>,19,21,[6 1],20,60,81,40,60
1,<environment.Job instance at 0x7f611ee14730>,21,14,[2 7],22,64,78,42,64
1,<environment.Job instance at 0x7f611ee140a0>,23,14,[7 5],24,86,100,62,86
1,<environment.Job instance at 0x7f611ee14a00>,28,17,[5 2],29,111,128,82,111
1,<environment.Job instance at 0x7f611f313460>,33,2,[5 9],34,149,151,115,149
1,<environment.Job instance at 0x7f611f313f50>,34,13,[9 4],35,151,164,116,149
1,<environment.Job instance at 0x7f611f159f00>,36,17,[3 8],37,164,181,127,152
1,<environment.Job instance at 0x7f611f09efa0>,4,14,[7 5],5,91,105,86,91
1,<environment.Job instance at 0x7f611f0d1050>,16,3,[9 1],17,140,143,123,140
1,<environment.Job instance at 0x7f611f0d10f0>,17,17,[5 2],18,169,186,151,169
1,<environment.Job instance at 0x7f611f0d1780>,23,13,[4 7],24,196,209,172,196
1,<environment.Job instance at 0x7f611f0d13c0>,18,18,[4 5],19,220,238,201,220
1,<environment.Job instance at 0x7f611f0d1d70>,35,17,[7 2],36,274,291,238,274
1,<environment.Job instance at 0x7f611f0d1f50>,36,13,[4 9],37,291,304,254,275
1,<environment.Job instance at 0x7f6167480a50>,11,16,[5 9],12,49,65,37,49
1,<environment.Job instance at 0x7f6167480eb0>,13,15,[5 1],14,49,64,35,49
1,<environment.Job instance at 0x7f6167480370>,15,18,[10  5],16,74,92,58,74
1,<environment.Job instance at 0x7f6162865a50>,6,15,[5 3],7,25,40,18,25
1,<environment.Job instance at 0x7f6162c645a0>,7,18,[1 5],8,113,131,105,113
1,<environment.Job instance at 0x7f6162e8aaf0>,12,2,[5 7],13,137,139,124,137
1,<environment.Job instance at 0x7f611f02d730>,17,2,[6 3],18,139,141,121,137
1,<environment.Job instance at 0x7f611ec37af0>,9,13,[1 7],10,140,153,130,140
1,<environment.Job instance at 0x7f6166fd98c0>,3,15,[4 6],4,153,168,149,142
1,<environment.Job instance at 0x7f611ed252d0>,20,18,[1 6],21,168,186,147,157
1,<environment.Job instance at 0x7f616291d460>,27,14,[7 5],28,186,200,158,186
1,<environment.Job instance at 0x7f611f1b12d0>,28,3,[5 5],29,200,203,171,187
1,<environment.Job instance at 0x7f611eea1910>,31,16,[7 4],32,203,219,171,190
1,<environment.Job instance at 0x7f611eea1370>,32,15,[5 9],33,219,234,186,205
1,<environment.Job instance at 0x7f6162982c80>,3,3,[7 4],4,4,7,0,4
1,<environment.Job instance at 0x7f61670ac190>,4,12,[3 8],5,7,19,2,5
1,<environment.Job instance at 0x7f61670aca00>,16,16,[6 3],17,96,112,79,96
1,<environment.Job instance at 0x7f61670acaa0>,17,14,[5 7],18,112,126,94,98
1,<environment.Job instance at 0x7f61670acd20>,22,3,[2 7],23,126,129,103,121
1,<environment.Job instance at 0x7f61670ac140>,10,16,[3 8],11,141,157,130,141
1,<environment.Job instance at 0x7f61670acd70>,25,1,[ 1 10],26,157,158,131,141
1,<environment.Job instance at 0x7f61670d90a0>,28,13,[5 1],29,143,156,114,143
1,<environment.Job instance at 0x7f61670d9190>,29,3,[9 2],30,158,161,128,143
1,<environment.Job instance at 0x7f61670d9050>,27,13,[10  3],28,161,174,133,148
1,<environment.Job instance at 0x7f61627a75f0>,1,17,[4 8],2,202,219,200,202
1,<environment.Job instance at 0x7f61670d95f0>,36,17,[7 4],37,256,273,219,256
1,<environment.Job instance at 0x7f61628d3460>,6,14,[10  3],7,22,36,15,22
1,<environment.Job instance at 0x7f6167391cd0>,8,19,[1 5],9,36,55,27,29
1,<environment.Job instance at 0x7f6162ab04b0>,11,13,[6 5],12,46,59,34,46
1,<environment.Job instance at 0x7f611ee52730>,14,14,[2 7],15,80,94,65,80
1,<environment.Job instance at 0x7f611ee52fa0>,17,15,[9 5],18,94,109,76,93
1,<environment.Job instance at 0x7f616717d4b0>,18,16,[6 3],19,109,125,90,106
1,<environment.Job instance at 0x7f611efae1e0>,22,12,[7 2],23,125,137,102,111
1,<environment.Job instance at 0x7f611ee52d20>,24,13,[2 9],25,137,150,112,126
1,<environment.Job instance at 0x7f611efd8c30>,25,12,[10  5],26,150,162,124,133
1,<environment.Job instance at 0x7f611ec7fa50>,31,17,[ 5 10],32,1927,1944,1895,1927
1,<environment.Job instance at 0x7f6166fd4d70>,4,19,[6 3],5,40,59,35,40
1,<environment.Job instance at 0x7f611ed97be0>,7,17,[2 5],8,41,58,33,41
1,<environment.Job instance at 0x7f611ed97960>,11,12,[10  5],12,59,71,47,57
1,<environment.Job instance at 0x7f61671355a0>,20,17,[1 9],21,105,122,84,105
1,<environment.Job instance at 0x7f611ee508c0>,25,12,[1 6],26,122,134,96,121
1,<environment.Job instance at 0x7f616717dc30>,26,18,[1 7],27,134,152,107,124
1,<environment.Job instance at 0x7f6162830140>,2,13,[3 6],3,4,17,1,4
1,<environment.Job instance at 0x7f616277ac80>,9,1,[3 7],10,23,24,13,23
1,<environment.Job instance at 0x7f6162830a50>,3,18,[ 3 10],4,51,69,47,51
1,<environment.Job instance at 0x7f616276d280>,18,17,[5 5],19,97,114,78,97
1,<environment.Job instance at 0x7f616276d320>,19,14,[3 7],20,114,128,94,99
1,<environment.Job instance at 0x7f616276d460>,21,14,[5 5],22,99,113,77,99
1,<environment.Job instance at 0x7f616276d9b0>,26,20,[7 1],27,151,171,124,151
1,<environment.Job instance at 0x7f616276db90>,29,18,[ 2 10],30,172,190,142,172
1,<environment.Job instance at 0x7f6162d12050>,6,1,[10  1],7,16,17,9,16
1,<environment.Job instance at 0x7f6162d120f0>,8,12,[6 2],9,17,29,8,17
1,<environment.Job instance at 0x7f616276daa0>,2,15,[4 9],3,29,44,26,17
1,<environment.Job instance at 0x7f6162d12b90>,10,16,[3 7],11,44,60,33,31
1,<environment.Job instance at 0x7f6162d12e60>,11,16,[1 9],12,60,76,48,51
1,<environment.Job instance at 0x7f6162d127d0>,12,16,[3 5],13,76,92,63,63
1,<environment.Job instance at 0x7f6162d12dc0>,15,16,[7 5],16,76,92,60,63
1,<environment.Job instance at 0x7f611ebd3d70>,18,13,[3 8],19,92,105,73,78
1,<environment.Job instance at 0x7f611ebd36e0>,20,14,[3 5],21,105,119,84,90
1,<environment.Job instance at 0x7f611ebd3550>,21,14,[3 6],22,119,133,97,117
1,<environment.Job instance at 0x7f61628e95f0>,27,17,[1 7],28,133,150,105,121
1,<environment.Job instance at 0x7f61628e92d0>,30,14,[6 1],31,162,176,131,162
1,<environment.Job instance at 0x7f61628e99b0>,33,14,[3 9],34,163,177,129,163
1,<environment.Job instance at 0x7f611eda1820>,5,17,[6 5],6,29,46,23,29
1,<environment.Job instance at 0x7f611eda1780>,9,1,[6 1],10,46,47,36,29
1,<environment.Job instance at 0x7f611eda1fa0>,10,15,[5 2],11,47,62,36,33
1,<environment.Job instance at 0x7f611eda15f0>,12,14,[7 1],13,62,76,49,57
1,<environment.Job instance at 0x7f61628e99b0>,3,18,[9 1],4,79,97,75,79
1,<environment.Job instance at 0x7f61670adf00>,28,18,[10  5],29,816,834,787,816
1,<environment.Job instance at 0x7f611f0725f0>,3,14,[5 2],4,4,18,0,4
1,<environment.Job instance at 0x7f6162835230>,6,1,[4 6],7,10,11,3,10
1,<environment.Job instance at 0x7f611ef92820>,2,16,[ 4 10],3,18,34,15,10
1,<environment.Job instance at 0x7f611ee369b0>,10,16,[2 8],11,34,50,23,27
1,<environment.Job instance at 0x7f611ee55280>,15,13,[5 1],16,34,47,18,27
1,<environment.Job instance at 0x7f611ee55320>,17,13,[6 3],18,50,63,32,35
1,<environment.Job instance at 0x7f611ee557d0>,18,18,[1 5],19,50,68,31,40
1,<environment.Job instance at 0x7f611ee55690>,21,3,[2 7],22,68,71,46,61
1,<environment.Job instance at 0x7f611ee55140>,22,1,[10  4],23,71,72,48,61
1,<environment.Job instance at 0x7f611ee385f0>,23,14,[3 8],24,72,86,48,66
1,<environment.Job instance at 0x7f611ee86be0>,24,17,[10  5],25,86,103,61,75
1,<environment.Job instance at 0x7f61674a9d70>,5,2,[5 5],6,7,9,1,7
1,<environment.Job instance at 0x7f61674a9a50>,4,23,[1 5],5,13,36,8,13
1,<environment.Job instance at 0x7f6162963fa0>,3,13,[1 7],4,36,49,32,23
1,<environment.Job instance at 0x7f611ee12be0>,15,2,[5 4],16,24,26,8,24
1,<environment.Job instance at 0x7f611ee12e60>,16,17,[5 4],17,49,66,32,37
1,<environment.Job instance at 0x7f611f1b76e0>,18,16,[ 4 10],19,66,82,47,54
1,<environment.Job instance at 0x7f611ea3a1e0>,5,12,[6 1],6,6,18,0,6
1,<environment.Job instance at 0x7f611ea3a820>,7,2,[6 3],8,18,20,10,8
1,<environment.Job instance at 0x7f611ea3aeb0>,6,13,[9 2],7,20,33,13,8
1,<environment.Job instance at 0x7f6162a90190>,11,16,[6 5],12,33,49,21,21
1,<environment.Job instance at 0x7f6162a90cd0>,10,14,[3 8],11,49,63,38,34
1,<environment.Job instance at 0x7f6162a90e10>,18,16,[9 2],19,63,79,44,50
1,<environment.Job instance at 0x7f6162a90820>,9,15,[10  1],10,79,94,69,65
1,<environment.Job instance at 0x7f611ec7c370>,9,12,[6 3],10,23,35,13,23
1,<environment.Job instance at 0x7f611f01b640>,10,16,[10  2],11,35,51,24,23
1,<environment.Job instance at 0x7f611f01b410>,11,15,[4 8],12,51,66,39,37
1,<environment.Job instance at 0x7f611eca74b0>,15,18,[6 2],16,51,69,35,47
1,<environment.Job instance at 0x7f611ec56410>,0,1,[8 3],1,1,2,0,1
1,<environment.Job instance at 0x7f6162a29dc0>,3,1,[7 1],4,4,5,0,4
1,<environment.Job instance at 0x7f611ef8d4b0>,10,27,[5 2],11,28,55,17,28
1,<environment.Job instance at 0x7f61674fec80>,13,3,[ 3 10],14,55,58,41,31
1,<environment.Job instance at 0x7f611ee26870>,15,14,[2 6],16,58,72,42,44
1,<environment.Job instance at 0x7f611ea04be0>,18,2,[8 5],19,72,74,53,45
1,<environment.Job instance at 0x7f61670d6140>,6,14,[9 5],7,74,88,67,61
1,<environment.Job instance at 0x7f6167429cd0>,23,14,[5 7],24,88,102,64,74
1,<environment.Job instance at 0x7f6162b9b5f0>,14,13,[10  5],15,105,118,90,105
1,<environment.Job instance at 0x7f616714da00>,31,12,[10  1],32,118,130,86,115
1,<environment.Job instance at 0x7f616714db90>,32,1,[10  1],33,130,131,97,115
1,<environment.Job instance at 0x7f616714d230>,34,18,[5 4],35,133,151,98,133
1,<environment.Job instance at 0x7f616714d870>,35,17,[7 2],36,151,168,115,139
1,<environment.Job instance at 0x7f6162ece3c0>,37,13,[7 2],38,168,181,130,168
1,<environment.Job instance at 0x7f6162755aa0>,4,12,[ 1 10],5,6,18,1,6
1,<environment.Job instance at 0x7f6162755460>,12,14,[1 7],13,24,38,11,24
1,<environment.Job instance at 0x7f6162a62b90>,4,17,[5 5],5,5,22,0,5
1,<environment.Job instance at 0x7f611f2138c0>,8,15,[7 3],9,36,51,27,36
1,<environment.Job instance at 0x7f6162df1550>,10,3,[3 9],11,51,54,40,49
1,<environment.Job instance at 0x7f611e8bf370>,6,14,[8 5],7,77,91,70,77
1,<environment.Job instance at 0x7f6162df15a0>,9,17,[1 5],10,78,95,68,78
1,<environment.Job instance at 0x7f616759ff00>,14,16,[2 9],15,119,135,104,119
1,<environment.Job instance at 0x7f6162ce69b0>,18,14,[8 4],19,135,149,116,120
1,<environment.Job instance at 0x7f6162ce60f0>,20,3,[1 6],21,135,138,114,120
1,<environment.Job instance at 0x7f6162ce6eb0>,19,17,[ 2 10],20,149,166,129,137
1,<environment.Job instance at 0x7f61675a4eb0>,26,3,[6 1],27,166,169,139,140
1,<environment.Job instance at 0x7f61675a4aa0>,30,18,[7 2],31,175,193,144,175
1,<environment.Job instance at 0x7f61675a43c0>,31,13,[5 8],32,193,206,161,177
1,<environment.Job instance at 0x7f6162a68500>,35,17,[7 5],36,1178,1195,1142,1178
1,<environment.Job instance at 0x7f5061e6fa00>,13,18,[ 4 10],14,104,122,90,104
1,<environment.Job instance at 0x7f5061e6faa0>,14,13,[7 3],15,122,135,107,106
1,<environment.Job instance at 0x7f5061e6f280>,16,16,[3 5],17,122,138,105,113
1,<environment.Job instance at 0x7f50693f1f50>,4,13,[6 3],5,5,18,0,5
1,<environment.Job instance at 0x7f50693f1b90>,7,19,[4 8],8,18,37,10,8
1,<environment.Job instance at 0x7f50693f1eb0>,10,13,[9 4],11,37,50,26,22
1,<environment.Job instance at 0x7f50693f1e10>,9,12,[10  2],10,50,62,40,33
1,<environment.Job instance at 0x7f50692a93c0>,16,18,[5 7],17,62,80,45,56
1,<environment.Job instance at 0x7f50693f4280>,13,16,[ 4 10],14,80,96,66,67
1,<environment.Job instance at 0x7f50692a7280>,25,12,[7 4],26,96,108,70,79
1,<environment.Job instance at 0x7f50692a7820>,27,17,[3 5],28,96,113,68,88
1,<environment.Job instance at 0x7f501e2666e0>,7,12,[4 8],8,11,23,3,11
1,<environment.Job instance at 0x7f501e2660a0>,11,14,[4 7],12,25,39,13,25
1,<environment.Job instance at 0x7f501e266820>,13,14,[5 2],14,39,53,25,39
1,<environment.Job instance at 0x7f501e172820>,16,17,[7 1],17,62,79,45,62
1,<environment.Job instance at 0x7f501e172280>,3,2,[5 9],4,4,6,0,4
1,<environment.Job instance at 0x7f501e172820>,6,17,[3 8],7,9,26,2,9
1,<environment.Job instance at 0x7f501e2745f0>,9,14,[ 1 10],10,26,40,16,12
1,<environment.Job instance at 0x7f50663e13c0>,2,15,[6 1],3,3,18,0,3
1,<environment.Job instance at 0x7f501e0cfe10>,3,12,[6 4],4,18,30,14,4
1,<environment.Job instance at 0x7f50622ce5a0>,10,17,[6 2],11,56,73,45,56
1,<environment.Job instance at 0x7f5061c8dcd0>,4,22,[6 5],5,5,27,0,5
1,<environment.Job instance at 0x7f5061c8dbe0>,6,12,[9 5],7,27,39,20,10
1,<environment.Job instance at 0x7f50667819b0>,9,12,[ 5 10],10,39,51,29,23
1,<environment.Job instance at 0x7f5061c8d6e0>,5,15,[5 5],6,51,66,45,37
1,<environment.Job instance at 0x7f501e533aa0>,13,15,[4 6],14,69,84,55,69
1,<environment.Job instance at 0x7f50667700a0>,19,13,[1 7],20,84,97,64,72
1,<environment.Job instance at 0x7f5066770280>,17,18,[1 5],18,145,163,127,145
1,<environment.Job instance at 0x7f501e2f9be0>,30,18,[1 6],31,163,181,132,153
1,<environment.Job instance at 0x7f501e2f9a00>,32,17,[5 5],33,181,198,148,169
1,<environment.Job instance at 0x7f501e533730>,3,3,[7 4],4,4,7,0,4
1,<environment.Job instance at 0x7f501e740190>,4,12,[3 8],5,7,19,2,5
1,<environment.Job instance at 0x7f501e740410>,5,3,[10  2],6,69,72,63,69
1,<environment.Job instance at 0x7f501e2dc690>,10,16,[3 8],11,94,110,83,94
1,<environment.Job instance at 0x7f50692a2be0>,17,14,[5 7],18,110,124,92,96
1,<environment.Job instance at 0x7f5061ffcc30>,22,3,[2 7],23,124,127,101,121
1,<environment.Job instance at 0x7f501e42f410>,16,16,[6 3],17,140,156,123,140
1,<environment.Job instance at 0x7f501e476460>,28,13,[5 1],29,156,169,127,140
1,<environment.Job instance at 0x7f50693eed70>,18,18,[4 7],19,141,159,122,141
1,<environment.Job instance at 0x7f5062327f00>,1,17,[4 8],2,159,176,157,150
1,<environment.Job instance at 0x7f5066a07280>,30,16,[10  4],31,176,192,145,165
1,<environment.Job instance at 0x7f50664f4b40>,8,16,[6 3],9,9,25,0,9
1,<environment.Job instance at 0x7f50664f4910>,7,15,[9 5],8,25,40,17,11
1,<environment.Job instance at 0x7f50664f4cd0>,10,15,[5 5],11,40,55,29,26
1,<environment.Job instance at 0x7f50664f49b0>,12,12,[7 2],13,55,67,42,38
1,<environment.Job instance at 0x7f50664f4f50>,14,13,[2 9],15,67,80,52,52
1,<environment.Job instance at 0x7f50664f0140>,17,16,[9 1],18,80,96,62,67
1,<environment.Job instance at 0x7f50664f03c0>,21,17,[ 5 10],22,96,113,74,95
1,<environment.Job instance at 0x7f50664f08c0>,26,13,[7 5],27,542,555,515,542
1,<environment.Job instance at 0x7f50664f06e0>,27,18,[5 9],28,555,573,527,544
1,<environment.Job instance at 0x7f50664f0b90>,33,13,[10  4],34,573,586,539,562
1,<environment.Job instance at 0x7f50664f0cd0>,34,16,[5 5],35,586,602,551,573
1,<environment.Job instance at 0x7f501e2ace60>,5,12,[1 6],6,8,20,2,8
1,<environment.Job instance at 0x7f501e7565a0>,4,14,[1 5],5,20,34,15,9
1,<environment.Job instance at 0x7f501e756f50>,6,18,[1 7],7,34,52,27,25
1,<environment.Job instance at 0x7f5061ed2640>,3,12,[7 2],4,4,16,0,4
1,<environment.Job instance at 0x7f501e4f75a0>,10,15,[4 5],11,67,82,56,67
1,<environment.Job instance at 0x7f501e5f5be0>,14,18,[6 1],15,95,113,80,95
1,<environment.Job instance at 0x7f5061ed2140>,7,13,[9 4],8,113,126,105,97
1,<environment.Job instance at 0x7f501e585d20>,18,16,[ 5 10],19,126,142,107,115
1,<environment.Job instance at 0x7f5061e0cd20>,23,12,[4 6],24,142,154,118,130
1,<environment.Job instance at 0x7f50621995a0>,32,15,[4 9],33,351,366,318,351
1,<environment.Job instance at 0x7f501e7b33c0>,10,15,[5 5],11,65,80,54,65
1,<environment.Job instance at 0x7f501e7b3640>,14,13,[7 5],15,89,102,74,89
1,<environment.Job instance at 0x7f501e5137d0>,7,12,[6 3],8,8,20,0,8
1,<environment.Job instance at 0x7f501e513280>,2,13,[5 8],3,20,33,17,8
1,<environment.Job instance at 0x7f501e5139b0>,9,17,[5 7],10,58,75,48,58
1,<environment.Job instance at 0x7f501e513690>,0,14,[9 5],1,75,89,74,64
1,<environment.Job instance at 0x7f501e5cafa0>,20,16,[2 8],21,89,105,68,76
1,<environment.Job instance at 0x7f501e585460>,12,16,[ 4 10],13,105,121,92,92
1,<environment.Job instance at 0x7f501e757050>,25,13,[5 1],26,92,105,66,92
1,<environment.Job instance at 0x7f501e757320>,34,17,[10  5],35,130,147,95,130
1,<environment.Job instance at 0x7f501e2caeb0>,3,13,[1 7],4,20,33,16,20
1,<environment.Job instance at 0x7f5061c0e370>,1,13,[1 9],2,33,46,31,20
1,<environment.Job instance at 0x7f5061e00c80>,15,2,[5 4],16,46,48,30,26
1,<environment.Job instance at 0x7f5061e004b0>,16,17,[5 4],17,46,63,29,38
1,<environment.Job instance at 0x7f5061e00190>,17,14,[8 1],18,63,77,45,52
1,<environment.Job instance at 0x7f501e65fc80>,8,17,[ 1 10],9,77,94,68,65
1,<environment.Job instance at 0x7f5066b907d0>,2,14,[5 4],3,4,18,1,4
1,<environment.Job instance at 0x7f501e77c4b0>,0,14,[3 8],1,18,32,17,8
1,<environment.Job instance at 0x7f501e0f68c0>,3,12,[ 3 10],4,32,44,28,21
1,<environment.Job instance at 0x7f50622b7eb0>,11,17,[8 4],12,44,61,32,33
1,<environment.Job instance at 0x7f50622b7320>,9,17,[5 5],10,61,78,51,50
1,<environment.Job instance at 0x7f50622d6a50>,17,17,[9 2],18,2599,2616,2581,2599
1,<environment.Job instance at 0x7f501df3f550>,7,15,[8 5],8,8,23,0,8
1,<environment.Job instance at 0x7f501e564d70>,4,17,[8 3],5,23,40,18,18
1,<environment.Job instance at 0x7f5061cf0f50>,11,13,[7 5],12,40,53,28,24
1,<environment.Job instance at 0x7f5061f588c0>,19,2,[6 2],20,53,55,33,32
1,<environment.Job instance at 0x7f5061f588c0>,2,1,[10  1],3,4,5,1,4
1,<environment.Job instance at 0x7f506679a140>,5,17,[7 2],6,12,29,6,12
1,<environment.Job instance at 0x7f501ddfeb90>,7,13,[7 2],8,29,42,21,13
1,<environment.Job instance at 0x7f5061f584b0>,1,12,[10  1],2,59,71,57,59
1,<environment.Job instance at 0x7f501ddfeaa0>,11,15,[10  5],12,71,86,59,59
1,<environment.Job instance at 0x7f501dfac780>,18,19,[6 2],19,86,105,67,81
1,<environment.Job instance at 0x7f501dfac460>,22,13,[5 5],23,108,121,85,108
1,<environment.Job instance at 0x7f506679a5f0>,6,18,[ 4 10],7,121,139,114,112
1,<environment.Job instance at 0x7f501dfacfa0>,24,14,[ 3 10],25,139,153,114,124
1,<environment.Job instance at 0x7f5066830f00>,7,2,[9 4],8,72,74,64,72
1,<environment.Job instance at 0x7f5066830410>,8,19,[3 8],9,86,105,77,86
1,<environment.Job instance at 0x7f501e5620a0>,3,12,[3 5],4,105,117,101,96
1,<environment.Job instance at 0x7f5066830730>,12,14,[6 3],13,105,119,92,96
1,<environment.Job instance at 0x7f501e3291e0>,0,13,[9 3],1,6,19,5,6
1,<environment.Job instance at 0x7f501df61460>,3,14,[5 4],4,49,63,45,49
1,<environment.Job instance at 0x7f5061bef960>,2,14,[ 3 10],3,63,77,60,49
1,<environment.Job instance at 0x7f5061c92410>,17,17,[4 7],18,77,94,59,66
1,<environment.Job instance at 0x7f5061dd9230>,3,1,[10  4],4,4,5,0,4
1,<environment.Job instance at 0x7f5061dd9870>,4,12,[5 1],5,5,17,0,5
1,<environment.Job instance at 0x7f5061dd9e60>,6,12,[4 8],7,8,20,1,8
1,<environment.Job instance at 0x7f5061dd9a00>,8,2,[5 4],9,20,22,11,9
1,<environment.Job instance at 0x7f5061dd9d20>,7,14,[1 9],8,22,36,14,10
1,<environment.Job instance at 0x7f5061dd9960>,14,16,[3 6],15,36,52,21,24
1,<environment.Job instance at 0x7f501ddf57d0>,16,19,[6 2],17,41,60,24,41
1,<environment.Job instance at 0x7f501ddf5370>,18,19,[8 1],19,60,79,41,50
1,<environment.Job instance at 0x7f501ddf5190>,20,1,[2 7],21,54,55,33,54
1,<environment.Job instance at 0x7f501ddf5280>,21,3,[ 5 10],22,79,82,57,54
1,<environment.Job instance at 0x7f501ddf5320>,25,13,[1 9],26,65,78,39,65
1,<environment.Job instance at 0x7f501ddf5e10>,26,15,[6 2],27,82,97,55,68
1,<environment.Job instance at 0x7f5066713a00>,8,3,[2 6],9,51,54,42,51
1,<environment.Job instance at 0x7f5061c4b7d0>,0,17,[10  3],1,91,108,90,91
1,<environment.Job instance at 0x7f5061d12b40>,11,16,[5 2],12,108,124,96,95
1,<environment.Job instance at 0x7f5061c4ba50>,12,15,[4 7],13,108,123,95,97
1,<environment.Job instance at 0x7fd0707bb140>,4,14,[1 6],5,69,83,64,69
1,<environment.Job instance at 0x7fd0693ac5a0>,6,20,[6 1],7,69,89,62,69
1,<environment.Job instance at 0x7fd0693acaa0>,14,13,[7 3],15,89,102,74,80
1,<environment.Job instance at 0x7fd0693acb40>,15,18,[2 8],16,102,120,86,91
1,<environment.Job instance at 0x7fd0693b6280>,2,15,[5 9],3,7,22,4,7
1,<environment.Job instance at 0x7fd07092ee60>,8,2,[ 3 10],9,22,24,13,9
1,<environment.Job instance at 0x7fd07092e460>,10,16,[7 1],11,24,40,13,12
1,<environment.Job instance at 0x7fd07092d870>,12,14,[4 7],13,40,54,27,25
1,<environment.Job instance at 0x7fd07092de10>,15,12,[7 4],16,54,66,38,37
1,<environment.Job instance at 0x7fd07092daf0>,17,17,[3 5],18,54,71,36,43
1,<environment.Job instance at 0x7fd0693acc80>,6,18,[5 7],7,71,89,64,65
1,<environment.Job instance at 0x7fd07092daa0>,21,12,[8 1],22,89,101,67,78
1,<environment.Job instance at 0x7fd070928e10>,3,16,[ 4 10],4,144,160,140,144
1,<environment.Job instance at 0x7fd0256d0fa0>,14,19,[6 1],15,59,78,44,59
1,<environment.Job instance at 0x7fd0256d0af0>,21,13,[4 9],22,108,121,86,108
1,<environment.Job instance at 0x7fd0256d0aa0>,25,13,[5 2],26,162,175,136,162
1,<environment.Job instance at 0x7fd0256fb730>,32,28,[2 8],33,170,198,137,170
1,<environment.Job instance at 0x7fd0256fbd20>,34,3,[10  2],35,198,201,163,173
1,<environment.Job instance at 0x7fd0256fbaa0>,36,3,[ 5 10],37,201,204,164,177
1,<environment.Job instance at 0x7fd0257a3050>,40,17,[7 5],41,218,235,177,218
1,<environment.Job instance at 0x7fd0257a3d70>,41,14,[2 7],42,235,249,193,221
1,<environment.Job instance at 0x7fd0257a3320>,48,17,[5 2],49,245,262,196,245
1,<environment.Job instance at 0x7fd0257a3730>,49,22,[2 7],50,249,271,199,245
1,<environment.Job instance at 0x7fd025a5b500>,8,18,[4 6],9,19,37,10,19
1,<environment.Job instance at 0x7fd02582ecd0>,16,3,[9 1],17,134,137,117,134
1,<environment.Job instance at 0x7fd02564a550>,17,17,[5 2],18,137,154,119,134
1,<environment.Job instance at 0x7fd02564aa50>,19,1,[5 4],20,137,138,117,134
1,<environment.Job instance at 0x7fd02564aaf0>,21,1,[ 2 10],22,159,160,137,159
1,<environment.Job instance at 0x7fd02582ed70>,14,14,[5 5],15,187,201,172,187
1,<environment.Job instance at 0x7fd02564a280>,23,13,[4 7],24,201,214,177,191
1,<environment.Job instance at 0x7fd02564a820>,27,13,[5 4],28,214,227,186,209
1,<environment.Job instance at 0x7fd02564ae60>,30,13,[4 5],31,234,247,203,234
1,<environment.Job instance at 0x7fd0257afb90>,35,17,[7 2],36,248,265,212,248
1,<environment.Job instance at 0x7fd0257af5a0>,36,13,[4 9],37,265,278,228,249
1,<environment.Job instance at 0x7fd0693a50f0>,2,15,[5 5],3,3,18,0,3
1,<environment.Job instance at 0x7fd025a9d410>,5,2,[6 1],6,18,20,12,7
1,<environment.Job instance at 0x7fd02576b230>,4,13,[4 8],5,18,31,13,7
1,<environment.Job instance at 0x7fd025a9d690>,13,23,[10  2],14,76,99,62,76
1,<environment.Job instance at 0x7fd025a97050>,17,23,[2 9],18,106,129,88,106
1,<environment.Job instance at 0x7fd069281870>,0,18,[1 7],1,4,22,3,4
1,<environment.Job instance at 0x7fd069281550>,8,13,[3 6],9,22,35,13,15
1,<environment.Job instance at 0x7fd069281c30>,3,15,[10  4],4,66,81,62,66
1,<environment.Job instance at 0x7fd0692817d0>,14,17,[8 4],15,81,98,66,69
1,<environment.Job instance at 0x7fd0692819b0>,18,13,[7 2],19,98,111,79,82
1,<environment.Job instance at 0x7fd0694c05a0>,22,16,[5 5],23,111,127,88,101
1,<environment.Job instance at 0x7fd0694c00f0>,25,3,[10  2],26,127,130,101,101
1,<environment.Job instance at 0x7fd0694c0550>,30,16,[3 8],31,152,168,121,152
1,<environment.Job instance at 0x7fd0694c0190>,21,17,[4 8],22,199,216,177,199
1,<environment.Job instance at 0x7fd0694c09b0>,37,14,[5 7],38,216,230,178,201
1,<environment.Job instance at 0x7fd069286b90>,42,3,[2 7],43,230,233,187,224
1,<environment.Job instance at 0x7fd069286870>,45,1,[ 1 10],46,243,244,197,243
1,<environment.Job instance at 0x7fd069281f50>,2,16,[4 8],3,244,260,241,243
1,<environment.Job instance at 0x7fd069286730>,47,13,[10  3],48,260,273,212,244
1,<environment.Job instance at 0x7fd0707e2280>,6,14,[10  3],7,15,29,8,15
1,<environment.Job instance at 0x7fd0707e2910>,9,18,[2 9],10,29,47,19,22
1,<environment.Job instance at 0x7fd025a50370>,11,13,[6 5],12,68,81,56,68
1,<environment.Job instance at 0x7fd0707e26e0>,2,16,[10  3],3,95,111,92,95
1,<environment.Job instance at 0x7fd069345730>,18,16,[6 3],19,111,127,92,99
1,<environment.Job instance at 0x7fd0697a9dc0>,22,12,[7 2],23,127,139,104,113
1,<environment.Job instance at 0x7fd025750b40>,24,13,[2 9],25,139,152,114,126
1,<environment.Job instance at 0x7fd02551aeb0>,6,18,[1 7],7,10,28,3,10
1,<environment.Job instance at 0x7fd02551d320>,9,15,[1 6],10,28,43,18,15
1,<environment.Job instance at 0x7fd025b85960>,9,18,[7 3],10,10,28,0,10
1,<environment.Job instance at 0x7fd025b850f0>,8,16,[ 5 10],9,28,44,19,15
1,<environment.Job instance at 0x7fd025b85dc0>,5,16,[4 5],6,44,60,38,43
1,<environment.Job instance at 0x7fd0695e5960>,12,17,[5 8],13,101,118,88,101
1,<environment.Job instance at 0x7fd069331640>,9,1,[6 1],10,29,30,19,29
1,<environment.Job instance at 0x7fd0693311e0>,10,15,[5 2],11,32,47,21,32
1,<environment.Job instance at 0x7fd069331af0>,5,17,[6 5],6,47,64,41,42
1,<environment.Job instance at 0x7fd025a0d4b0>,12,14,[7 1],13,64,78,51,49
1,<environment.Job instance at 0x7fd025a0d280>,17,14,[2 6],18,64,78,46,51
1,<environment.Job instance at 0x7fd025a29500>,18,15,[3 8],19,78,93,59,65
1,<environment.Job instance at 0x7fd0697e2500>,23,3,[4 5],24,93,96,69,92
1,<environment.Job instance at 0x7fd06fba09b0>,27,20,[3 7],28,156,176,128,156
1,<environment.Job instance at 0x7fd025917780>,29,18,[7 1],30,160,178,130,160
1,<environment.Job instance at 0x7fd0257f9550>,8,16,[1 5],9,44,60,35,44
1,<environment.Job instance at 0x7fd0257f9be0>,13,15,[3 8],14,60,75,46,47
1,<environment.Job instance at 0x7fd0257f9c80>,14,13,[6 5],15,47,60,32,47
1,<environment.Job instance at 0x7fd06963ce10>,5,15,[6 1],6,7,22,1,7
1,<environment.Job instance at 0x7fd025a6aeb0>,12,15,[7 5],13,71,86,58,71
1,<environment.Job instance at 0x7fd025a6a190>,15,14,[ 1 10],16,86,100,70,75
1,<environment.Job instance at 0x7fd025a6afa0>,18,16,[8 1],19,126,142,107,126
1,<environment.Job instance at 0x7fd025a6a410>,22,14,[7 2],23,142,156,119,137
1,<environment.Job instance at 0x7fd025a6a5f0>,24,14,[7 2],25,160,174,135,160
1,<environment.Job instance at 0x7fd025a6ae60>,25,12,[6 1],26,174,186,148,160
1,<environment.Job instance at 0x7fd025a6a640>,19,18,[3 7],20,160,178,140,160
1,<environment.Job instance at 0x7fd025a6f5f0>,31,16,[6 5],32,186,202,154,173
1,<environment.Job instance at 0x7fd025a6fc30>,33,12,[ 3 10],34,202,214,168,185
1,<environment.Job instance at 0x7fd025a6f870>,36,12,[10  1],37,219,231,182,219
1,<environment.Job instance at 0x7fd025a6f0f0>,39,17,[5 5],40,231,248,191,219
1,<environment.Job instance at 0x7fd07009beb0>,9,12,[6 3],10,23,35,13,23
1,<environment.Job instance at 0x7fd07009bdc0>,7,18,[1 5],8,23,41,15,23
1,<environment.Job instance at 0x7fd025a97500>,10,16,[10  2],11,41,57,30,29
1,<environment.Job instance at 0x7fd025a979b0>,15,18,[6 2],16,57,75,41,47
1,<environment.Job instance at 0x7fd0259cd0a0>,5,2,[3 9],6,6,8,0,6
1,<environment.Job instance at 0x7fd025a97a50>,3,14,[5 7],4,8,22,4,7
1,<environment.Job instance at 0x7fd0259cd3c0>,12,1,[10  1],13,42,43,29,42
1,<environment.Job instance at 0x7fd0259cdeb0>,11,12,[10  1],12,44,56,32,44
1,<environment.Job instance at 0x7fd0259c75f0>,15,17,[7 2],16,56,73,40,46
1,<environment.Job instance at 0x7fd0259cd280>,6,15,[ 4 10],7,73,88,66,59
1,<environment.Job instance at 0x7fd0259e5370>,21,15,[10  5],22,95,110,73,95
1,<environment.Job instance at 0x7fd0259e5be0>,25,12,[9 1],26,122,134,96,122
1,<environment.Job instance at 0x7fd0259c7280>,16,18,[ 4 10],17,134,152,117,129
1,<environment.Job instance at 0x7fd025a88320>,28,19,[6 2],29,152,171,123,142
1,<environment.Job instance at 0x7fd069500aa0>,3,12,[3 5],4,4,16,0,4
1,<environment.Job instance at 0x7fd02551ac30>,12,14,[6 3],13,95,109,82,95
1,<environment.Job instance at 0x7fd02551a730>,11,14,[5 9],12,109,123,97,96
1,<environment.Job instance at 0x7fd025388550>,5,14,[3 9],6,6,20,0,6
1,<environment.Job instance at 0x7fd0253881e0>,6,12,[10  1],7,20,32,13,9
1,<environment.Job instance at 0x7fd0694db690>,1,3,[ 5 10],2,6,9,4,6
1,<environment.Job instance at 0x7fd06949cbe0>,5,13,[1 9],6,9,22,3,9
1,<environment.Job instance at 0x7fd0701249b0>,2,12,[5 6],3,22,34,19,10
1,<environment.Job instance at 0x7fd06948eb90>,10,16,[8 5],11,34,50,23,30
1,<environment.Job instance at 0x7fd069490dc0>,17,18,[5 2],18,74,92,56,74
1,<environment.Job instance at 0x7fd0695bc730>,7,13,[3 7],8,8,21,0,8
1,<environment.Job instance at 0x7fd025b89f00>,9,12,[10  2],10,21,33,11,10
1,<environment.Job instance at 0x7fd0254b3190>,5,15,[2 8],6,33,48,27,19
1,<environment.Job instance at 0x7fd0254b3410>,0,12,[9 5],1,48,60,47,33
1,<environment.Job instance at 0x7fd0254b3dc0>,6,18,[10  3],7,60,78,53,49
1,<environment.Job instance at 0x7fd0253905a0>,18,13,[6 3],19,78,91,59,66
1,<environment.Job instance at 0x7fd070198410>,21,20,[1 5],22,78,98,56,73
1,<environment.Job instance at 0x7fd070923690>,22,13,[9 1],23,91,104,68,76
1,<environment.Job instance at 0x7fd025895dc0>,25,13,[5 7],26,104,117,78,93
1,<environment.Job instance at 0x7fd025c6af50>,13,18,[ 2 10],14,117,135,103,106
1,<environment.Job instance at 0x7fd025430f50>,32,14,[7 4],33,135,149,102,122
1,<environment.Job instance at 0x7fd0256b6e10>,0,19,[ 3 10],1,74,93,73,74
1,<environment.Job instance at 0x7fd02545fcd0>,12,3,[4 8],13,115,118,102,115
1,<environment.Job instance at 0x7fd02545fe60>,13,16,[ 5 10],14,188,204,174,188
1,<environment.Job instance at 0x7fd06fd5efa0>,6,15,[7 2],7,7,22,0,7
1,<environment.Job instance at 0x7fd07025a0a0>,5,15,[2 5],6,8,23,2,8
1,<environment.Job instance at 0x7fd0258f45f0>,8,2,[7 4],9,22,24,13,9
1,<environment.Job instance at 0x7fd02569c410>,7,19,[10  4],8,24,43,16,18
1,<environment.Job instance at 0x7fd0694a4820>,14,2,[ 2 10],15,43,45,28,43
1,<environment.Job instance at 0x7fd025324910>,16,23,[5 3],17,45,68,28,43
1,<environment.Job instance at 0x7fd0253245a0>,18,14,[4 5],19,68,82,49,68
1,<environment.Job instance at 0x7f7ad812f500>,5,24,[1 5],6,57,81,51,57
1,<environment.Job instance at 0x7f7ad812faa0>,14,13,[7 3],15,75,88,60,75
1,<environment.Job instance at 0x7f7ad812fbe0>,16,16,[3 5],17,81,97,64,80
1,<environment.Job instance at 0x7f7ad8140320>,0,16,[7 1],1,4,20,3,4
1,<environment.Job instance at 0x7f7adb565e10>,11,12,[8 1],12,117,129,105,117
1,<environment.Job instance at 0x7f7ad81402d0>,2,14,[4 7],3,129,143,126,117
1,<environment.Job instance at 0x7f7adb565be0>,18,12,[ 3 10],19,143,155,124,141
1,<environment.Job instance at 0x7f7adb565640>,20,14,[10  4],21,157,171,136,157
1,<environment.Job instance at 0x7f7adb526280>,23,2,[6 2],24,187,189,163,187
1,<environment.Job instance at 0x7f7adb526280>,2,14,[2 9],3,7,21,4,7
1,<environment.Job instance at 0x7f7a90502fa0>,5,13,[5 2],6,21,34,15,19
1,<environment.Job instance at 0x7f7a904d7820>,13,12,[1 7],14,34,46,20,34
1,<environment.Job instance at 0x7f7a904d78c0>,15,3,[5 5],16,46,49,30,34
1,<environment.Job instance at 0x7f7a904d7910>,16,3,[ 5 10],17,49,52,32,34
1,<environment.Job instance at 0x7f7a904d70a0>,17,20,[5 3],18,52,72,34,43
1,<environment.Job instance at 0x7f7a904d7c80>,21,14,[2 7],22,55,69,33,55
1,<environment.Job instance at 0x7f7a904cd550>,29,22,[2 7],30,110,132,80,110
1,<environment.Job instance at 0x7f7a904d7140>,20,17,[7 5],21,132,149,111,122
1,<environment.Job instance at 0x7f7a904cd230>,33,2,[5 9],34,149,151,115,137
1,<environment.Job instance at 0x7f7a904cd780>,34,13,[9 4],35,151,164,116,137
1,<environment.Job instance at 0x7f7a90536140>,0,13,[4 5],1,6,19,5,6
1,<environment.Job instance at 0x7f7adb6b0730>,5,17,[7 2],6,19,36,13,7
1,<environment.Job instance at 0x7f7adb6b0820>,9,16,[6 5],10,36,52,26,23
1,<environment.Job instance at 0x7f7adb6b0870>,6,13,[4 9],7,52,65,45,37
1,<environment.Job instance at 0x7f7a9081e2d0>,12,2,[5 7],13,115,117,102,115
1,<environment.Job instance at 0x7f7a9081e550>,16,13,[5 5],17,137,150,120,137
1,<environment.Job instance at 0x7f7a9081e5f0>,17,2,[6 3],18,150,152,132,137
1,<environment.Job instance at 0x7f7a9081d2d0>,7,18,[1 5],8,139,157,131,139
1,<environment.Job instance at 0x7f7a9081e910>,20,18,[1 6],21,157,175,136,146
1,<environment.Job instance at 0x7f7a9081e960>,23,1,[7 4],24,152,153,128,152
1,<environment.Job instance at 0x7f7a9081eaa0>,24,16,[10  4],25,175,191,150,162
1,<environment.Job instance at 0x7f7ad8177cd0>,0,17,[7 5],1,191,208,190,183
1,<environment.Job instance at 0x7f7a9081edc0>,29,18,[9 5],30,218,236,188,218
1,<environment.Job instance at 0x7f7a9081efa0>,31,16,[7 4],32,236,252,204,224
1,<environment.Job instance at 0x7f7a903df500>,0,16,[10  4],1,190,206,189,190
1,<environment.Job instance at 0x7f7a90600730>,7,17,[2 5],8,42,59,34,42
1,<environment.Job instance at 0x7f7adab78f50>,4,19,[6 3],5,43,62,38,43
1,<environment.Job instance at 0x7f7a90600550>,11,12,[10  5],12,62,74,50,47
1,<environment.Job instance at 0x7f7a90600a00>,9,13,[3 9],10,74,87,64,61
1,<environment.Job instance at 0x7f7ad81cd3c0>,20,17,[1 9],21,116,133,95,116
1,<environment.Job instance at 0x7f7a90435f00>,24,14,[1 5],25,133,147,108,131
1,<environment.Job instance at 0x7f7ad83fe9b0>,25,12,[1 6],26,147,159,121,131
1,<environment.Job instance at 0x7f7a90988230>,4,15,[10  3],5,6,21,1,6
1,<environment.Job instance at 0x7f7a909884b0>,7,13,[9 4],8,88,101,80,88
1,<environment.Job instance at 0x7f7a90988c30>,20,16,[9 2],21,101,117,80,88
1,<environment.Job instance at 0x7f7a90988f50>,23,12,[4 6],24,117,129,93,107
1,<environment.Job instance at 0x7f7a90988d70>,22,17,[5 8],23,129,146,106,128
1,<environment.Job instance at 0x7f7a9097e230>,29,28,[3 6],30,158,186,128,158
1,<environment.Job instance at 0x7f7a9097e2d0>,30,2,[1 6],31,186,188,155,160
1,<environment.Job instance at 0x7f7a9097e410>,32,15,[4 9],33,930,945,897,930
1,<environment.Job instance at 0x7f7a909012d0>,5,17,[6 5],6,29,46,23,29
1,<environment.Job instance at 0x7f7adb565780>,9,1,[6 1],10,46,47,36,29
1,<environment.Job instance at 0x7f7adac73eb0>,8,16,[ 5 10],9,47,63,38,34
1,<environment.Job instance at 0x7f7adaacdeb0>,14,15,[9 4],15,63,78,48,57
1,<environment.Job instance at 0x7f7adaacdfa0>,17,14,[2 6],18,80,94,62,80
1,<environment.Job instance at 0x7f7a90754280>,12,14,[7 1],13,80,94,67,80
1,<environment.Job instance at 0x7f7adaacdd70>,18,15,[3 8],19,102,117,83,102
1,<environment.Job instance at 0x7f7adaa3baa0>,4,13,[6 5],5,5,18,0,5
1,<environment.Job instance at 0x7f7ad804ecd0>,6,13,[9 2],7,7,20,0,7
1,<environment.Job instance at 0x7f7ad804ee10>,7,2,[6 3],8,20,22,12,8
1,<environment.Job instance at 0x7f7ad804ebe0>,5,12,[6 1],6,22,34,16,10
1,<environment.Job instance at 0x7f7ad8038050>,10,14,[3 8],11,22,36,11,11
1,<environment.Job instance at 0x7f7ad8038190>,11,16,[6 5],12,36,52,24,23
1,<environment.Job instance at 0x7f7ad804efa0>,9,15,[10  1],10,52,67,42,40
1,<environment.Job instance at 0x7f7ad8038640>,19,17,[5 5],20,67,84,47,56
1,<environment.Job instance at 0x7f7ad8038960>,3,3,[2 8],4,4,7,0,4
1,<environment.Job instance at 0x7f7a904e94b0>,0,13,[3 6],1,7,20,6,4
1,<environment.Job instance at 0x7f7ad8240820>,11,2,[2 7],12,20,22,8,13
1,<environment.Job instance at 0x7f7ad82dcfa0>,13,3,[9 1],14,22,25,8,14
1,<environment.Job instance at 0x7f7ad82dcc30>,16,15,[7 1],17,25,40,8,19
1,<environment.Job instance at 0x7f7ad82dc960>,17,14,[3 8],18,25,39,7,20
1,<environment.Job instance at 0x7f7ad82dc910>,18,12,[5 9],19,40,52,21,25
1,<environment.Job instance at 0x7f7ad83bd280>,20,15,[4 6],21,52,67,31,38
1,<environment.Job instance at 0x7f7ad83bdc80>,24,12,[7 5],25,67,79,42,56
1,<environment.Job instance at 0x7f7ad83bddc0>,23,17,[10  3],24,79,96,55,67
1,<environment.Job instance at 0x7f7adadbbc30>,32,17,[8 5],33,96,113,63,84
1,<environment.Job instance at 0x7f7a9b120690>,41,17,[6 4],42,1187,1204,1145,1187
1,<environment.Job instance at 0x7f7adb6a6b40>,44,13,[10  5],45,1204,1217,1159,1188
1,<environment.Job instance at 0x7f7adb6a6690>,45,14,[2 6],46,1188,1202,1142,1188
1,<environment.Job instance at 0x7f7adb094910>,48,2,[8 5],49,1217,1219,1168,1190
1,<environment.Job instance at 0x7f7ad7ee9910>,7,15,[6 4],8,8,23,0,8
1,<environment.Job instance at 0x7f7ad7ee9140>,12,14,[1 7],13,41,55,28,41
1,<environment.Job instance at 0x7f7ad7ee9870>,2,13,[5 5],3,5,18,2,5
1,<environment.Job instance at 0x7f7ad8533e10>,0,18,[7 2],1,18,36,17,8
1,<environment.Job instance at 0x7f7ad80d3c80>,7,17,[10  1],8,36,53,28,29
1,<environment.Job instance at 0x7f7a904b2e60>,3,1,[10  4],4,4,5,0,4
1,<environment.Job instance at 0x7f7ad806f780>,4,12,[5 1],5,5,17,0,5
1,<environment.Job instance at 0x7f7a90662aa0>,7,14,[1 9],8,8,22,0,8
1,<environment.Job instance at 0x7f7ad84ea1e0>,8,2,[5 4],9,22,24,13,9
1,<environment.Job instance at 0x7f7a9036b960>,9,12,[1 7],10,24,36,14,10
1,<environment.Job instance at 0x7f7a909ec5f0>,13,17,[5 5],14,36,53,22,24
1,<environment.Job instance at 0x7f7a909ecf00>,14,16,[3 6],15,53,69,38,41
1,<environment.Job instance at 0x7f7a9049bd70>,21,3,[ 5 10],22,69,72,47,54
1,<environment.Job instance at 0x7f7a90614c80>,25,13,[1 9],26,77,90,51,77
1,<environment.Job instance at 0x7f7a906145f0>,22,12,[5 6],23,90,102,67,84
1,<environment.Job instance at 0x7f7adad9ed20>,0,1,[2 5],1,1,2,0,1
1,<environment.Job instance at 0x7f7adad9e320>,1,13,[3 7],2,5,18,3,5
1,<environment.Job instance at 0x7f7adaa233c0>,11,1,[3 9],12,29,30,17,29
1,<environment.Job instance at 0x7f7adaa23870>,12,12,[9 4],13,30,42,17,30
1,<environment.Job instance at 0x7f7adaa23410>,13,14,[1 8],14,42,56,28,31
1,<environment.Job instance at 0x7f7adaa237d0>,8,18,[3 9],9,56,74,47,45
1,<environment.Job instance at 0x7f7adaa23960>,16,18,[10  3],17,74,92,57,63
1,<environment.Job instance at 0x7f7adaa23780>,18,2,[6 2],19,92,94,73,65
1,<environment.Job instance at 0x7f7adaa23b40>,21,18,[ 2 10],22,94,112,72,84
1,<environment.Job instance at 0x7f7adaa23910>,23,18,[ 2 10],24,112,130,88,101
1,<environment.Job instance at 0x7f7adaa23be0>,24,18,[5 9],25,130,148,105,120
1,<environment.Job instance at 0x7f7adaa23aa0>,28,13,[6 3],29,148,161,119,136
1,<environment.Job instance at 0x7f7adab0c5a0>,13,16,[ 5 10],14,148,164,134,148
1,<environment.Job instance at 0x7f7adab0cdc0>,17,1,[4 7],18,2184,2185,2166,2184
1,<environment.Job instance at 0x7f7a9010be10>,6,23,[5 3],7,7,30,0,7
1,<environment.Job instance at 0x7f7a905d9780>,4,2,[ 2 10],5,30,32,25,23
1,<environment.Job instance at 0x7f7a9010beb0>,11,18,[1 7],12,65,83,53,65
1,<environment.Job instance at 0x7f7adad4e0a0>,8,14,[4 5],9,83,97,74,78
1,<environment.Job instance at 0x7f7adab86d70>,15,1,[6 4],16,83,84,67,78
1,<environment.Job instance at 0x7f7ad7ee3fa0>,16,13,[5 2],17,84,97,67,78
1,<environment.Job instance at 0x7f7ad860a780>,17,17,[2 8],18,97,114,79,85
1,<environment.Job instance at 0x7f7a904a59b0>,23,3,[6 4],24,118,121,94,118
1,<environment.Job instance at 0x7f7a904a5cd0>,24,13,[9 1],25,121,134,96,118
1,<environment.Job instance at 0x7f7a904a5f00>,26,12,[1 7],27,121,133,94,120
1,<environment.Job instance at 0x7f7a904a5640>,28,2,[5 3],29,143,145,114,143
1,<environment.Job instance at 0x7f7a904a5780>,25,18,[3 9],26,145,163,119,143
1,<environment.Job instance at 0x7f7a902d0050>,32,15,[8 4],33,163,178,130,149
1,<environment.Job instance at 0x7f7a902d04b0>,36,19,[2 7],37,178,197,141,169
1,<environment.Job instance at 0x7f7adaa976e0>,4,22,[10  3],5,8,30,3,8
1,<environment.Job instance at 0x7f7a9019a4b0>,10,15,[6 2],11,30,45,19,26
1,<environment.Job instance at 0x7f7a9019aa50>,11,12,[9 4],12,45,57,33,28
1,<environment.Job instance at 0x7f7a9019aaa0>,9,14,[5 7],10,57,71,47,42
1,<environment.Job instance at 0x7f7a9019ad70>,17,16,[5 1],18,57,73,39,48
1,<environment.Job instance at 0x7f7a9019ab90>,14,17,[10  4],15,73,90,58,70
1,<environment.Job instance at 0x7f7a9019aa00>,21,16,[8 1],22,90,106,68,77
1,<environment.Job instance at 0x7f7a9019a0a0>,2,16,[2 6],3,6,22,3,6
1,<environment.Job instance at 0x7f7a9019aa00>,3,15,[10  2],4,22,37,18,17
1,<environment.Job instance at 0x7f7ada9f6dc0>,10,14,[4 6],11,37,51,26,26
1,<environment.Job instance at 0x7f7ada9f6230>,9,17,[7 5],10,51,68,41,39
1,<environment.Job instance at 0x7f7adaa27f00>,0,18,[1 9],1,68,86,67,59
1,<environment.Job instance at 0x7f7ad836bbe0>,16,12,[2 7],17,86,98,69,78
1,<environment.Job instance at 0x7f38eae6a370>,4,14,[1 6],5,73,87,68,73
1,<environment.Job instance at 0x7f38e7a5ba00>,13,18,[ 4 10],14,87,105,73,86
1,<environment.Job instance at 0x7f38e7a5bb40>,15,18,[2 8],16,105,123,89,94
1,<environment.Job instance at 0x7f38eafdc870>,13,2,[6 2],14,117,119,103,117
1,<environment.Job instance at 0x7f38eafd7640>,8,12,[ 3 10],9,119,131,110,118
1,<environment.Job instance at 0x7f38eafdca50>,16,16,[7 5],17,131,147,114,118
1,<environment.Job instance at 0x7f389fd8e640>,13,2,[5 9],14,38,40,24,38
1,<environment.Job instance at 0x7f389fd9e460>,6,22,[6 1],7,40,62,33,40
1,<environment.Job instance at 0x7f389fd8e410>,14,13,[9 4],15,62,75,47,51
1,<environment.Job instance at 0x7f389fd8eaa0>,19,14,[ 1 10],20,75,89,55,65
1,<environment.Job instance at 0x7f389fe75960>,5,2,[5 5],6,9,11,3,9
1,<environment.Job instance at 0x7f389fd39370>,11,16,[5 9],12,53,69,41,53
1,<environment.Job instance at 0x7f389fd39730>,13,15,[5 1],14,53,68,39,53
1,<environment.Job instance at 0x7f389fd394b0>,15,18,[10  5],16,69,87,53,65
1,<environment.Job instance at 0x7f38a015e780>,8,13,[3 6],9,9,22,0,9
1,<environment.Job instance at 0x7f389fe71320>,0,18,[1 7],1,29,47,28,29
1,<environment.Job instance at 0x7f38a015ec30>,13,17,[5 1],14,30,47,16,30
1,<environment.Job instance at 0x7f38a015ecd0>,14,17,[8 4],15,47,64,32,36
1,<environment.Job instance at 0x7f38a015ee10>,16,3,[3 5],17,64,67,47,48
1,<environment.Job instance at 0x7f38a015ef50>,18,13,[7 2],19,64,77,45,49
1,<environment.Job instance at 0x7f38a0152230>,22,16,[5 5],23,77,93,54,75
1,<environment.Job instance at 0x7f38a0152370>,24,12,[3 8],25,93,105,68,77
1,<environment.Job instance at 0x7f38a0247730>,2,16,[4 8],3,105,121,102,99
1,<environment.Job instance at 0x7f38a0152960>,32,3,[8 4],33,152,155,119,152
1,<environment.Job instance at 0x7f38a0152b90>,35,13,[10  4],36,155,168,119,155
1,<environment.Job instance at 0x7f38a0152e60>,36,16,[6 3],37,168,184,131,155
1,<environment.Job instance at 0x7f38a0152cd0>,38,18,[4 7],39,174,192,135,174
1,<environment.Job instance at 0x7f38a0152d70>,37,14,[5 7],38,192,206,154,177
1,<environment.Job instance at 0x7f38a0154320>,42,3,[2 7],43,206,209,163,199
1,<environment.Job instance at 0x7f38a0154370>,45,1,[ 1 10],46,218,219,172,218
1,<environment.Job instance at 0x7f38a01544b0>,47,13,[10  3],48,219,232,171,218
1,<environment.Job instance at 0x7f38a0154780>,48,13,[5 1],49,232,245,183,218
1,<environment.Job instance at 0x7f38a01548c0>,49,3,[9 2],50,245,248,195,219
1,<environment.Job instance at 0x7f38a01105f0>,2,12,[7 2],3,5,17,2,5
1,<environment.Job instance at 0x7f38a0110b90>,4,13,[2 9],5,17,30,12,6
1,<environment.Job instance at 0x7f38e7826af0>,7,16,[9 1],8,30,46,22,17
1,<environment.Job instance at 0x7f38e78263c0>,10,2,[5 3],11,46,48,35,19
1,<environment.Job instance at 0x7f38e7826dc0>,11,17,[ 5 10],12,48,65,36,39
1,<environment.Job instance at 0x7f38e7826b90>,16,13,[7 5],17,65,78,48,59
1,<environment.Job instance at 0x7f38e7826190>,19,18,[8 4],20,78,96,58,67
1,<environment.Job instance at 0x7f38ea88e3c0>,23,13,[10  4],24,96,109,72,81
1,<environment.Job instance at 0x7f38ea88e190>,2,13,[3 6],3,5,18,2,5
1,<environment.Job instance at 0x7f38a025c5f0>,9,1,[3 7],10,23,24,13,23
1,<environment.Job instance at 0x7f38eafdd550>,14,15,[9 1],15,49,64,34,49
1,<environment.Job instance at 0x7f38ea88e4b0>,3,18,[ 3 10],4,64,82,60,56
1,<environment.Job instance at 0x7f38a0102eb0>,18,17,[5 5],19,90,107,71,90
1,<environment.Job instance at 0x7f38e77bf460>,21,14,[5 5],22,91,105,69,91
1,<environment.Job instance at 0x7f38e7b6c690>,22,13,[1 5],23,105,118,82,91
1,<environment.Job instance at 0x7f38e78770f0>,28,16,[4 9],29,164,180,135,164
1,<environment.Job instance at 0x7f389fee8fa0>,29,18,[ 2 10],30,180,198,150,172
1,<environment.Job instance at 0x7f38e7bc8b40>,32,14,[6 5],33,2032,2046,1999,2032
1,<environment.Job instance at 0x7f38e7e89960>,40,15,[4 5],41,2102,2117,2061,2102
1,<environment.Job instance at 0x7f38ea609f00>,4,1,[10  5],5,48,49,43,48
1,<environment.Job instance at 0x7f38ea6d8f50>,10,15,[5 5],11,89,104,78,89
1,<environment.Job instance at 0x7f38ea6d8af0>,13,15,[ 1 10],14,104,119,90,90
1,<environment.Job instance at 0x7f38ea6c1140>,1,3,[2 7],2,3,6,1,3
1,<environment.Job instance at 0x7f38a02476e0>,5,17,[3 6],6,7,24,1,7
1,<environment.Job instance at 0x7f38a02473c0>,8,16,[1 5],9,44,60,35,44
1,<environment.Job instance at 0x7f38a02de3c0>,11,13,[9 3],12,44,57,32,44
1,<environment.Job instance at 0x7f38a0247960>,4,17,[10  5],5,60,77,55,52
1,<environment.Job instance at 0x7f38a0247960>,4,14,[7 2],5,5,19,0,5
1,<environment.Job instance at 0x7f38a0356e10>,5,12,[6 1],6,19,31,13,6
1,<environment.Job instance at 0x7f38ea814dc0>,10,14,[3 8],11,12,26,1,12
1,<environment.Job instance at 0x7f38e7d1dcd0>,9,15,[10  1],10,31,46,21,17
1,<environment.Job instance at 0x7f38a035cf00>,16,12,[10  1],17,46,58,29,32
1,<environment.Job instance at 0x7f38a011dd20>,18,16,[9 2],19,58,74,39,46
1,<environment.Job instance at 0x7f38e7ef1f50>,19,17,[5 5],20,74,91,54,62
1,<environment.Job instance at 0x7f389fdf81e0>,1,2,[2 7],2,2,4,0,2
1,<environment.Job instance at 0x7f38e7ef1d70>,3,3,[9 1],4,4,7,0,4
1,<environment.Job instance at 0x7f389fd96370>,7,14,[3 8],8,8,22,0,8
1,<environment.Job instance at 0x7f389fd96410>,6,15,[7 1],7,9,24,2,9
1,<environment.Job instance at 0x7f389fd965a0>,8,12,[5 9],9,24,36,15,10
1,<environment.Job instance at 0x7f389fd968c0>,11,17,[8 1],12,36,53,24,24
1,<environment.Job instance at 0x7f389fd96b40>,15,16,[8 4],16,53,69,37,40
1,<environment.Job instance at 0x7f389fd96d70>,19,2,[7 5],20,69,71,49,60
1,<environment.Job instance at 0x7f389fd96e10>,20,1,[8 3],21,71,72,50,60
1,<environment.Job instance at 0x7f389fd96eb0>,21,13,[8 3],22,72,85,50,60
1,<environment.Job instance at 0x7f389fd969b0>,23,1,[7 1],24,85,86,61,60
1,<environment.Job instance at 0x7f389fd6a410>,26,14,[9 5],27,106,120,79,106
1,<environment.Job instance at 0x7f389fd6a640>,31,17,[6 4],32,138,155,106,138
1,<environment.Job instance at 0x7f389fd6a730>,33,3,[ 3 10],34,155,158,121,143
1,<environment.Job instance at 0x7f389fd6a7d0>,34,13,[10  5],35,158,171,123,143
1,<environment.Job instance at 0x7f389fd6a870>,35,14,[2 6],36,171,185,135,156
1,<environment.Job instance at 0x7f389fd6ab40>,36,12,[5 1],37,171,183,134,157
1,<environment.Job instance at 0x7f38e77ff690>,2,1,[4 7],3,3,4,0,3
1,<environment.Job instance at 0x7f38e77ff410>,6,19,[3 6],7,7,26,0,7
1,<environment.Job instance at 0x7f38a01270f0>,8,14,[9 1],9,26,40,17,11
1,<environment.Job instance at 0x7f389fd6ac80>,5,18,[1 9],6,26,44,20,26
1,<environment.Job instance at 0x7f38a0191f50>,12,1,[5 6],13,44,45,31,26
1,<environment.Job instance at 0x7f38a01915f0>,15,3,[6 3],16,45,48,29,39
1,<environment.Job instance at 0x7f38a01917d0>,11,16,[7 5],12,48,64,36,44
1,<environment.Job instance at 0x7f38a0191280>,18,13,[9 1],19,64,77,45,51
1,<environment.Job instance at 0x7f38eafdf370>,27,2,[9 4],28,164,166,136,164
1,<environment.Job instance at 0x7f38ea762a00>,28,19,[3 8],29,166,185,137,166
1,<environment.Job instance at 0x7f38ea78d910>,32,14,[6 3],33,189,203,156,189
1,<environment.Job instance at 0x7f38ea603e10>,5,14,[3 9],6,7,21,1,7
1,<environment.Job instance at 0x7f38ea603f00>,6,12,[10  1],7,21,33,14,7
1,<environment.Job instance at 0x7f389fcbdb90>,5,15,[3 6],6,46,61,40,46
1,<environment.Job instance at 0x7f389fcbd960>,8,14,[6 1],9,74,88,65,74
1,<environment.Job instance at 0x7f389fb1a190>,12,3,[10  1],13,88,91,75,74
1,<environment.Job instance at 0x7f389fcb70a0>,14,1,[5 1],15,91,92,76,78
1,<environment.Job instance at 0x7f389fcb70f0>,13,15,[7 2],14,120,135,106,120
1,<environment.Job instance at 0x7f389fcb75a0>,19,3,[6 1],20,135,138,115,120
1,<environment.Job instance at 0x7f389fcb7280>,20,14,[1 6],21,120,134,99,120
1,<environment.Job instance at 0x7f389fcb7a50>,22,23,[7 1],23,138,161,115,132
1,<environment.Job instance at 0x7f38eaa6fd20>,2,16,[9 2],3,51,67,48,51
1,<environment.Job instance at 0x7f389ff33960>,19,15,[1 9],20,87,102,67,87
1,<environment.Job instance at 0x7f38e7b4f4b0>,11,14,[ 4 10],12,102,116,90,88
1,<environment.Job instance at 0x7f38ea71a3c0>,22,15,[3 7],23,116,131,93,102
1,<environment.Job instance at 0x7f38e7870140>,27,15,[4 9],28,131,146,103,124
1,<environment.Job instance at 0x7f389ff06b40>,32,16,[5 1],33,167,183,134,167
1,<environment.Job instance at 0x7f389ff06a50>,34,13,[5 2],35,167,180,132,167
1,<environment.Job instance at 0x7f389ff06be0>,33,15,[9 3],34,183,198,149,169
1,<environment.Job instance at 0x7f389fdb86e0>,35,14,[2 7],36,217,231,181,217
1,<environment.Job instance at 0x7f389fb425f0>,42,20,[10  3],43,231,251,188,222
1,<environment.Job instance at 0x7f389fb42a00>,5,2,[8 3],6,7,9,1,7
1,<environment.Job instance at 0x7f38a0000d70>,6,14,[3 5],7,21,35,14,21
1,<environment.Job instance at 0x7f38a0000be0>,12,14,[2 9],13,35,49,22,22
1,<environment.Job instance at 0x7f38a0000780>,16,15,[7 1],17,45,60,28,45
1,<environment.Job instance at 0x7f38a0000dc0>,17,16,[8 4],18,60,76,42,47
1,<environment.Job instance at 0x7f38a0000cd0>,15,15,[ 1 10],16,76,91,60,62
1,<environment.Job instance at 0x7f38a0000690>,7,18,[ 4 10],8,91,109,83,82
1,<environment.Job instance at 0x7f389fad1f50>,24,18,[ 2 10],25,109,127,84,99
1,<environment.Job instance at 0x7f38a0165910>,3,19,[7 5],4,26,45,22,26
1,<environment.Job instance at 0x7f38e7a7be60>,11,15,[6 2],12,45,60,33,33
1,<environment.Job instance at 0x7f38a01657d0>,4,17,[ 4 10],5,85,102,80,85
1,<environment.Job instance at 0x7f38e7a431e0>,19,12,[6 2],20,200,212,180,200
1,<environment.Job instance at 0x7f38e7a43cd0>,20,15,[7 1],21,212,227,191,200
1,<environment.Job instance at 0x7f389fe60a50>,11,14,[7 5],12,95,109,83,95
1,<environment.Job instance at 0x7f389fe60f50>,13,15,[10  2],14,109,124,95,98
1,<environment.Job instance at 0x7f38a00fc3c0>,6,17,[3 9],7,124,141,117,112
1,<environment.Job instance at 0x7f389fcb7910>,19,17,[7 5],20,155,172,135,155
1,<environment.Job instance at 0x7f38ea3fd0a0>,20,14,[4 6],21,172,186,151,157
1,<environment.Job instance at 0x7f389fe60eb0>,10,18,[1 9],11,186,204,175,181
1,<environment.Job instance at 0x7f38e7b72500>,2,12,[9 3],3,4,16,1,4
1,<environment.Job instance at 0x7f38e7b72be0>,9,14,[7 1],10,22,36,12,22
1,<environment.Job instance at 0x7f38e7b7eaf0>,11,16,[5 5],12,36,52,24,24
1,<environment.Job instance at 0x7f38e7b72280>,1,17,[ 4 10],2,72,89,70,72
1,<environment.Job instance at 0x7f38a0368780>,5,19,[7 3],6,6,25,0,6
1,<environment.Job instance at 0x7f38ea8b9fa0>,8,17,[1 6],9,25,42,16,25
1,<environment.Job instance at 0x7f389ff68dc0>,13,19,[10  1],14,42,61,28,32
1,<environment.Job instance at 0x7f38e79df780>,15,18,[1 5],16,61,79,45,50
1,<environment.Job instance at 0x7f38e79620f0>,11,15,[9 5],12,61,76,49,50
1,<environment.Job instance at 0x7f38ea7b0910>,17,17,[8 2],18,79,96,61,79
1,<environment.Job instance at 0x7f38e7a02e60>,22,13,[7 3],23,96,109,73,81
1,<environment.Job instance at 0x7f38e7df7dc0>,29,17,[8 1],30,130,147,100,130
1,<environment.Job instance at 0x7f38e7b9d9b0>,24,13,[5 8],25,147,160,122,136
1,<environment.Job instance at 0x7f38ea7b0a00>,16,17,[6 5],17,160,177,143,156
1,<environment.Job instance at 0x7f38e7dde820>,37,18,[1 8],38,177,195,139,175
1,<environment.Job instance at 0x7f38e7e03780>,41,20,[10  5],42,228,248,186,228
1,<environment.Job instance at 0x7f38e7e03690>,45,16,[4 6],46,248,264,202,247
1,<environment.Job instance at 0x7f429441f140>,4,14,[1 6],5,69,83,64,69
1,<environment.Job instance at 0x7f428f00faa0>,14,13,[7 3],15,94,107,79,94
1,<environment.Job instance at 0x7f428f00fb40>,15,18,[2 8],16,107,125,91,98
1,<environment.Job instance at 0x7f428f00fc80>,3,2,[6 2],4,20,22,16,20
1,<environment.Job instance at 0x7f428f02a6e0>,0,14,[10  4],1,22,36,21,20
1,<environment.Job instance at 0x7f4294591820>,10,17,[ 3 10],11,36,53,25,24
1,<environment.Job instance at 0x7f4249308820>,4,16,[3 8],5,23,39,18,23
1,<environment.Job instance at 0x7f4249308e60>,8,13,[6 3],9,39,52,30,23
1,<environment.Job instance at 0x7f4249308730>,6,16,[9 2],7,91,107,84,91
1,<environment.Job instance at 0x7f4249308320>,9,13,[7 4],10,107,120,97,91
1,<environment.Job instance at 0x7f42492ff3c0>,21,3,[10  5],22,121,124,99,121
1,<environment.Job instance at 0x7f42492ff460>,24,14,[7 5],25,165,179,140,165
1,<environment.Job instance at 0x7f42492f0500>,28,18,[4 6],29,214,232,185,214
1,<environment.Job instance at 0x7f42492f08c0>,34,14,[5 5],35,292,306,257,292
1,<environment.Job instance at 0x7f42492f0780>,36,3,[9 1],37,311,314,274,311
1,<environment.Job instance at 0x7f4249345a00>,38,18,[4 5],39,314,332,275,311
1,<environment.Job instance at 0x7f4249345780>,43,13,[4 7],44,364,377,320,364
1,<environment.Job instance at 0x7f42493dfb40>,11,13,[1 6],12,95,108,83,95
1,<environment.Job instance at 0x7f42493df410>,12,15,[3 7],13,119,134,106,119
1,<environment.Job instance at 0x7f4249707dc0>,9,3,[9 2],10,10,13,0,10
1,<environment.Job instance at 0x7f4249707fa0>,10,16,[10  4],11,13,29,2,11
1,<environment.Job instance at 0x7f4249707e10>,8,13,[5 1],9,29,42,20,13
1,<environment.Job instance at 0x7f42496ff370>,14,19,[8 2],15,42,61,27,33
1,<environment.Job instance at 0x7f428edcefa0>,8,12,[3 8],9,26,38,17,26
1,<environment.Job instance at 0x7f428f26e1e0>,14,14,[1 5],15,80,94,65,80
1,<environment.Job instance at 0x7f428f26e140>,15,12,[1 6],16,94,106,78,80
1,<environment.Job instance at 0x7f42492a40a0>,6,1,[10  1],7,8,9,1,8
1,<environment.Job instance at 0x7f42492a4320>,8,12,[6 2],9,9,21,0,9
1,<environment.Job instance at 0x7f42498a7f50>,2,15,[4 9],3,21,36,18,10
1,<environment.Job instance at 0x7f4291bc5b40>,12,16,[3 5],13,36,52,23,23
1,<environment.Job instance at 0x7f4291bc52d0>,13,13,[5 5],14,36,49,22,23
1,<environment.Job instance at 0x7f429165afa0>,17,18,[1 7],18,52,70,34,41
1,<environment.Job instance at 0x7f4291bc5780>,19,13,[10  5],20,70,83,50,60
1,<environment.Job instance at 0x7f42492df6e0>,20,14,[3 5],21,83,97,62,68
1,<environment.Job instance at 0x7f42496bd690>,27,17,[1 7],28,97,114,69,90
1,<environment.Job instance at 0x7f4291cff280>,33,14,[3 9],34,139,153,105,139
1,<environment.Job instance at 0x7f42494c73c0>,2,13,[5 8],3,8,21,5,8
1,<environment.Job instance at 0x7f428ef0e320>,7,12,[6 3],8,21,33,13,8
1,<environment.Job instance at 0x7f428ef0e410>,8,15,[ 5 10],9,33,48,24,21
1,<environment.Job instance at 0x7f428ef0e870>,13,14,[5 2],14,53,67,39,53
1,<environment.Job instance at 0x7f428ef0e8c0>,16,1,[4 6],17,79,80,62,79
1,<environment.Job instance at 0x7f4291cff280>,4,18,[ 4 10],5,80,98,75,79
1,<environment.Job instance at 0x7f428ef0ed70>,21,2,[5 6],22,98,100,76,84
1,<environment.Job instance at 0x7f428ef0e7d0>,12,16,[ 4 10],13,100,116,87,94
1,<environment.Job instance at 0x7f42494c78c0>,0,14,[9 5],1,116,130,115,104
1,<environment.Job instance at 0x7f428eef50a0>,28,18,[1 5],29,116,134,87,105
1,<environment.Job instance at 0x7f428eef56e0>,34,17,[10  5],35,134,151,99,126
1,<environment.Job instance at 0x7f428eef55f0>,1,2,[5 9],2,3,5,1,3
1,<environment.Job instance at 0x7f428f2d2fa0>,5,15,[6 1],6,26,41,20,26
1,<environment.Job instance at 0x7f4249894910>,3,15,[4 7],4,27,42,23,27
1,<environment.Job instance at 0x7f42492c4c80>,12,15,[7 5],13,42,57,29,31
1,<environment.Job instance at 0x7f42492c41e0>,15,14,[ 1 10],16,57,71,41,54
1,<environment.Job instance at 0x7f42492c4b40>,18,16,[8 1],19,74,90,55,74
1,<environment.Job instance at 0x7f4291812f50>,19,18,[3 7],20,90,108,70,87
1,<environment.Job instance at 0x7f42492bc730>,25,12,[6 1],26,109,121,83,109
1,<environment.Job instance at 0x7f428f3a11e0>,24,14,[7 2],25,121,135,96,110
1,<environment.Job instance at 0x7f428f0113c0>,27,2,[6 3],28,135,137,107,110
1,<environment.Job instance at 0x7f428efb5320>,30,14,[3 8],31,113,127,82,113
1,<environment.Job instance at 0x7f4291a131e0>,31,16,[6 5],32,137,153,105,124
1,<environment.Job instance at 0x7f4291891280>,33,12,[ 3 10],34,153,165,119,139
1,<environment.Job instance at 0x7f428efb5b90>,29,15,[10  1],30,165,180,135,151
1,<environment.Job instance at 0x7f428f0cba50>,38,16,[9 2],39,180,196,141,176
1,<environment.Job instance at 0x7f428ee26b90>,6,3,[5 3],7,7,10,0,7
1,<environment.Job instance at 0x7f428ee26870>,9,2,[6 2],10,10,12,0,10
1,<environment.Job instance at 0x7f428ee26190>,7,17,[7 4],8,12,29,4,10
1,<environment.Job instance at 0x7f42495e2870>,4,3,[ 3 10],5,29,32,24,13
1,<environment.Job instance at 0x7f4291aff500>,17,14,[3 8],18,32,46,14,25
1,<environment.Job instance at 0x7f4291affb40>,16,15,[7 1],17,32,47,15,26
1,<environment.Job instance at 0x7f4291aff960>,18,12,[5 9],19,47,59,28,31
1,<environment.Job instance at 0x7f4291aff3c0>,21,17,[8 1],22,59,76,37,47
1,<environment.Job instance at 0x7f42915ec5a0>,24,12,[7 5],25,76,88,51,64
1,<environment.Job instance at 0x7f4291aff230>,19,18,[5 9],20,88,106,68,77
1,<environment.Job instance at 0x7f42915535a0>,30,1,[8 3],31,106,107,75,94
1,<environment.Job instance at 0x7f42495dbaf0>,32,17,[8 5],33,107,124,74,98
1,<environment.Job instance at 0x7f42495db190>,33,1,[7 1],34,124,125,90,98
1,<environment.Job instance at 0x7f4291d3a8c0>,41,17,[6 4],42,2652,2669,2610,2652
1,<environment.Job instance at 0x7f4291d3abe0>,44,13,[10  5],45,2669,2682,2624,2654
1,<environment.Job instance at 0x7f4291d3a5a0>,45,14,[2 6],46,2655,2669,2609,2655
1,<environment.Job instance at 0x7f428ed82870>,2,1,[4 7],3,3,4,0,3
1,<environment.Job instance at 0x7f428f412910>,6,19,[3 6],7,7,26,0,7
1,<environment.Job instance at 0x7f428f412c30>,9,18,[7 5],10,26,44,16,15
1,<environment.Job instance at 0x7f428f412eb0>,12,1,[5 6],13,44,45,31,22
1,<environment.Job instance at 0x7f428f412f00>,11,16,[7 5],12,45,61,33,36
1,<environment.Job instance at 0x7f428f43f190>,15,3,[6 3],16,61,64,45,36
1,<environment.Job instance at 0x7f428f43f730>,23,12,[3 5],24,89,101,65,89
1,<environment.Job instance at 0x7f428f43fc30>,31,14,[5 9],32,186,200,154,186
1,<environment.Job instance at 0x7f428f43fcd0>,3,13,[9 2],4,4,17,0,4
1,<environment.Job instance at 0x7f42916d63c0>,6,2,[1 8],7,9,11,2,9
1,<environment.Job instance at 0x7f42916d6870>,7,17,[ 1 10],8,18,35,10,18
1,<environment.Job instance at 0x7f4249523cd0>,12,15,[1 7],13,35,50,22,21
1,<environment.Job instance at 0x7f42916d65f0>,0,16,[ 1 10],1,50,66,49,47
1,<environment.Job instance at 0x7f42916f2af0>,5,15,[6 5],6,6,21,0,6
1,<environment.Job instance at 0x7f4249511cd0>,0,14,[1 6],1,21,35,20,6
1,<environment.Job instance at 0x7f42916f2460>,8,15,[ 2 10],9,46,61,37,46
1,<environment.Job instance at 0x7f42494f6410>,7,1,[9 1],8,47,48,39,47
1,<environment.Job instance at 0x7f4291a65280>,3,15,[9 3],4,115,130,111,115
1,<environment.Job instance at 0x7f4249797050>,6,13,[5 2],7,7,20,0,7
1,<environment.Job instance at 0x7f42494ea280>,4,17,[2 8],5,8,25,3,8
1,<environment.Job instance at 0x7f42491d6af0>,7,17,[2 8],8,25,42,17,16
1,<environment.Job instance at 0x7f4249406190>,18,2,[5 3],19,42,44,23,26
1,<environment.Job instance at 0x7f4249410d70>,19,13,[5 6],20,42,55,22,26
1,<environment.Job instance at 0x7f4249406960>,15,18,[3 9],16,55,73,39,44
1,<environment.Job instance at 0x7f428f249460>,2,19,[4 6],3,73,92,70,65
1,<environment.Job instance at 0x7f42943a3d70>,31,15,[8 2],32,98,113,66,98
1,<environment.Job instance at 0x7f428ee16dc0>,33,3,[8 3],34,124,127,90,124
1,<environment.Job instance at 0x7f4291751690>,1,18,[1 7],2,124,142,122,124
1,<environment.Job instance at 0x7f428ee16eb0>,34,18,[6 1],35,127,145,92,124
1,<environment.Job instance at 0x7f428ee167d0>,37,12,[3 5],38,142,154,104,125
1,<environment.Job instance at 0x7f4291ad8280>,41,17,[3 8],42,171,188,129,171
1,<environment.Job instance at 0x7f428ee162d0>,36,13,[9 5],37,206,219,169,206
1,<environment.Job instance at 0x7f4291ad8550>,3,13,[5 1],4,4,17,0,4
1,<environment.Job instance at 0x7f424980f280>,7,13,[9 3],8,17,30,9,8
1,<environment.Job instance at 0x7f424980f640>,10,2,[3 9],11,11,13,0,11
1,<environment.Job instance at 0x7f424980f730>,5,13,[9 5],6,30,43,24,15
1,<environment.Job instance at 0x7f424980f1e0>,0,17,[2 8],1,43,60,42,31
1,<environment.Job instance at 0x7f424980faf0>,15,15,[ 1 10],16,60,75,44,49
1,<environment.Job instance at 0x7f4291c45050>,3,20,[5 2],4,5,25,1,5
1,<environment.Job instance at 0x7f4249805eb0>,2,1,[7 2],3,25,26,22,6
1,<environment.Job instance at 0x7f428ee6a050>,11,18,[6 1],12,26,44,14,16
1,<environment.Job instance at 0x7f429155c690>,2,2,[5 2],3,3,5,0,3
1,<environment.Job instance at 0x7f4291a945a0>,5,13,[6 5],6,6,19,0,6
1,<environment.Job instance at 0x7f428eff97d0>,1,13,[8 2],2,19,32,17,7
1,<environment.Job instance at 0x7f428ee585f0>,4,15,[3 5],5,33,48,28,33
1,<environment.Job instance at 0x7f428eff9e10>,0,16,[ 3 10],1,48,64,47,41
1,<environment.Job instance at 0x7f428f1420a0>,16,15,[ 5 10],17,64,79,47,52
1,<environment.Job instance at 0x7f428f1422d0>,19,14,[9 1],20,79,93,59,64
1,<environment.Job instance at 0x7f428f1424b0>,21,16,[7 5],22,93,109,71,83
1,<environment.Job instance at 0x7f428ee8f3c0>,0,16,[10  3],1,9,25,8,9
1,<environment.Job instance at 0x7f424966ad70>,9,15,[5 7],10,25,40,15,11
1,<environment.Job instance at 0x7f424966a690>,13,14,[4 9],14,40,54,26,31
1,<environment.Job instance at 0x7f428efb0c80>,19,18,[8 2],20,102,120,82,102
1,<environment.Job instance at 0x7f428efb0870>,18,14,[10  3],19,126,140,107,126
1,<environment.Job instance at 0x7f428efb0a50>,22,15,[3 7],23,140,155,117,126
1,<environment.Job instance at 0x7f428efb0050>,26,18,[10  1],27,155,173,128,145
1,<environment.Job instance at 0x7f4294591820>,29,15,[ 4 10],30,173,188,143,159
1,<environment.Job instance at 0x7f42915ec140>,1,15,[10  2],2,6,21,4,6
1,<environment.Job instance at 0x7f428f0ee0a0>,8,17,[3 5],9,54,71,45,54
1,<environment.Job instance at 0x7f4e4e91d140>,4,14,[1 6],5,48,62,43,48
1,<environment.Job instance at 0x7f4e4750daa0>,14,13,[7 3],15,88,101,73,88
1,<environment.Job instance at 0x7f4e4750db40>,15,18,[2 8],16,101,119,85,90
1,<environment.Job instance at 0x7f4e4e944dc0>,5,15,[7 3],6,13,28,7,13
1,<environment.Job instance at 0x7f4e4e944a00>,9,2,[1 8],10,28,30,18,14
1,<environment.Job instance at 0x7f4e4ea8a280>,10,15,[8 3],11,30,45,19,18
1,<environment.Job instance at 0x7f4e4ea8ad20>,12,13,[ 5 10],13,47,60,34,47
1,<environment.Job instance at 0x7f4e4ea8a910>,15,14,[ 2 10],16,99,113,83,99
1,<environment.Job instance at 0x7f4e4ea8faa0>,18,12,[7 5],19,119,131,100,119
1,<environment.Job instance at 0x7f4e4ea8faf0>,21,13,[5 6],22,147,160,125,147
1,<environment.Job instance at 0x7f4e47524e10>,0,17,[ 3 10],1,166,183,165,166
1,<environment.Job instance at 0x7f4e4ea92230>,27,12,[4 8],28,183,195,155,167
1,<environment.Job instance at 0x7f4e4ea921e0>,30,14,[1 7],31,195,209,164,187
1,<environment.Job instance at 0x7f4e4ea90fa0>,1,3,[10  5],2,121,124,119,121
1,<environment.Job instance at 0x7f4e03806e60>,19,1,[5 4],20,143,144,123,143
1,<environment.Job instance at 0x7f4e03806c30>,23,13,[4 7],24,195,208,171,195
1,<environment.Job instance at 0x7f4e038069b0>,17,17,[5 2],18,213,230,195,213
1,<environment.Job instance at 0x7f4e0380d7d0>,14,14,[5 5],15,242,256,227,242
1,<environment.Job instance at 0x7f4e037ffc80>,30,13,[4 5],31,244,257,213,244
1,<environment.Job instance at 0x7f4e037ff910>,33,17,[ 2 10],34,257,274,223,249
1,<environment.Job instance at 0x7f4e037f05a0>,17,2,[6 3],18,99,101,81,99
1,<environment.Job instance at 0x7f4e03806eb0>,20,18,[1 6],21,130,148,109,130
1,<environment.Job instance at 0x7f4e03806550>,23,1,[7 4],24,146,147,122,146
1,<environment.Job instance at 0x7f4e03cc7d20>,0,17,[7 5],1,150,167,149,150
1,<environment.Job instance at 0x7f4e03806370>,27,14,[7 5],28,167,181,139,152
1,<environment.Job instance at 0x7f4e03806050>,28,3,[5 5],29,181,184,152,155
1,<environment.Job instance at 0x7f4e038061e0>,29,18,[9 5],30,184,202,154,174
1,<environment.Job instance at 0x7f4e03806b40>,33,12,[7 2],34,202,214,168,185
1,<environment.Job instance at 0x7f4e03899190>,5,13,[6 4],6,11,24,5,11
1,<environment.Job instance at 0x7f4e0372cbe0>,8,19,[1 5],9,24,43,15,24
1,<environment.Job instance at 0x7f4e038ee910>,1,17,[1 8],2,43,60,41,36
1,<environment.Job instance at 0x7f4e0372cc80>,9,18,[2 9],10,91,109,81,91
1,<environment.Job instance at 0x7f4e0372e320>,18,16,[6 3],19,109,125,90,98
1,<environment.Job instance at 0x7f4e0372e640>,22,12,[7 2],23,125,137,102,117
1,<environment.Job instance at 0x7f4e0372e8c0>,25,12,[10  5],26,137,149,111,135
1,<environment.Job instance at 0x7f4e4e85aeb0>,1,16,[1 8],2,2,18,0,2
1,<environment.Job instance at 0x7f4e0388d5f0>,14,15,[9 1],15,51,66,36,51
1,<environment.Job instance at 0x7f4e0388d640>,19,14,[3 7],20,89,103,69,89
1,<environment.Job instance at 0x7f4e0388daf0>,22,13,[1 5],23,106,119,83,106
1,<environment.Job instance at 0x7f4e0388dc30>,29,18,[ 2 10],30,164,182,134,164
1,<environment.Job instance at 0x7f4e039edd20>,5,17,[6 5],6,7,24,1,7
1,<environment.Job instance at 0x7f4e4c030050>,9,1,[6 1],10,31,32,21,31
1,<environment.Job instance at 0x7f4e4c030f00>,10,15,[5 2],11,32,47,21,31
1,<environment.Job instance at 0x7f4e03dff0a0>,12,14,[7 1],13,57,71,44,57
1,<environment.Job instance at 0x7f4e03dffb40>,14,15,[9 4],15,71,86,56,60
1,<environment.Job instance at 0x7f4e4be18f00>,18,15,[3 8],19,86,101,67,79
1,<environment.Job instance at 0x7f4e0388dc30>,3,18,[9 1],4,104,122,100,104
1,<environment.Job instance at 0x7f4e037d4a00>,23,3,[4 5],24,122,125,98,112
1,<environment.Job instance at 0x7f4e4ea8c410>,27,20,[3 7],28,2178,2198,2150,2178
1,<environment.Job instance at 0x7f4e4bd10e10>,29,18,[7 1],30,2180,2198,2150,2180
1,<environment.Job instance at 0x7f4e4bdb77d0>,3,13,[1 7],4,8,21,4,8
1,<environment.Job instance at 0x7f4e47451780>,5,2,[5 5],6,21,23,15,13
1,<environment.Job instance at 0x7f4e47451c80>,11,1,[9 1],12,25,26,13,25
1,<environment.Job instance at 0x7f4e47451b90>,9,13,[7 5],10,26,39,16,25
1,<environment.Job instance at 0x7f4e47451f00>,13,3,[8 2],14,39,42,25,25
1,<environment.Job instance at 0x7f4e4bc8f6e0>,1,13,[1 9],2,42,55,40,27
1,<environment.Job instance at 0x7f4e47451f50>,17,14,[8 1],18,42,56,24,27
1,<environment.Job instance at 0x7f4e47451e60>,14,15,[7 1],15,56,71,41,42
1,<environment.Job instance at 0x7f4e4745a910>,25,12,[9 4],26,1014,1026,988,1014
1,<environment.Job instance at 0x7f4e475dd7d0>,9,12,[6 3],10,23,35,13,23
1,<environment.Job instance at 0x7f4e47442e60>,7,18,[1 5],8,23,41,15,23
1,<environment.Job instance at 0x7f4e475dd370>,11,15,[4 8],12,41,56,29,27
1,<environment.Job instance at 0x7f4e472bd0a0>,15,18,[6 2],16,40,58,24,40
1,<environment.Job instance at 0x7f4e038af960>,6,15,[1 8],7,39,54,32,39
1,<environment.Job instance at 0x7f4e03da3eb0>,12,14,[1 7],13,54,68,41,46
1,<environment.Job instance at 0x7f4e036eef00>,5,14,[3 9],6,6,20,0,6
1,<environment.Job instance at 0x7f4e036eef50>,6,12,[10  1],7,20,32,13,8
1,<environment.Job instance at 0x7f4e03c51780>,5,15,[6 5],6,6,21,0,6
1,<environment.Job instance at 0x7f4e03c51230>,8,15,[ 2 10],9,22,37,13,22
1,<environment.Job instance at 0x7f4e4bfaff00>,12,3,[4 8],13,115,118,102,115
1,<environment.Job instance at 0x7f4e03d4b0a0>,6,19,[2 7],7,8,27,1,8
1,<environment.Job instance at 0x7f4e03d4bcd0>,9,17,[6 1],10,10,27,0,10
1,<environment.Job instance at 0x7f4e03d4bf00>,11,15,[8 2],12,27,42,15,14
1,<environment.Job instance at 0x7f4e03bf4280>,13,3,[8 3],14,43,46,29,43
1,<environment.Job instance at 0x7f4e03d1e3c0>,15,18,[8 3],16,49,67,33,49
1,<environment.Job instance at 0x7f4e03d1eaf0>,19,14,[6 1],20,67,81,47,52
1,<environment.Job instance at 0x7f4e03d1e1e0>,22,14,[5 6],23,81,95,58,69
1,<environment.Job instance at 0x7f4e03d4cc80>,25,13,[ 1 10],26,95,108,69,89
1,<environment.Job instance at 0x7f4e03d4c190>,26,14,[9 3],27,108,122,81,95
1,<environment.Job instance at 0x7f4e4bef5050>,7,15,[1 7],8,18,33,10,18
1,<environment.Job instance at 0x7f4e4bef5870>,8,18,[5 6],9,45,63,36,45
1,<environment.Job instance at 0x7f4e4bef5370>,6,12,[10  3],7,63,75,56,54
1,<environment.Job instance at 0x7f4e4be2d280>,14,16,[4 7],15,99,115,84,99
1,<environment.Job instance at 0x7f4e4786bf00>,3,15,[10  1],4,194,209,190,194
1,<environment.Job instance at 0x7f4e038e0370>,26,17,[3 9],27,209,226,182,200
1,<environment.Job instance at 0x7f4e038e0e10>,30,18,[1 9],31,255,273,224,255
1,<environment.Job instance at 0x7f4e479c8960>,31,14,[7 5],32,273,287,241,258
1,<environment.Job instance at 0x7f4e47416f50>,34,14,[8 5],35,287,301,252,272
1,<environment.Job instance at 0x7f4e4c075c30>,37,13,[5 9],38,301,314,263,300
1,<environment.Job instance at 0x7f4e4c0753c0>,39,17,[7 5],40,375,392,335,375
1,<environment.Job instance at 0x7f4e4c1e4640>,40,14,[4 6],41,392,406,351,377
1,<environment.Job instance at 0x7f4e4c1e4140>,42,13,[5 9],43,406,419,363,402
1,<environment.Job instance at 0x7f4e03825050>,2,12,[9 3],3,4,16,1,4
1,<environment.Job instance at 0x7f4e03dc46e0>,6,19,[8 2],7,16,35,9,9
1,<environment.Job instance at 0x7f4e03dc41e0>,11,16,[5 5],12,35,51,23,26
1,<environment.Job instance at 0x7f4e47497a00>,9,17,[8 1],10,75,92,65,75
1,<environment.Job instance at 0x7f4e474973c0>,13,17,[7 2],14,93,110,79,93
1,<environment.Job instance at 0x7f4e4749ff50>,7,18,[3 8],8,94,112,86,94
1,<environment.Job instance at 0x7f4e47497fa0>,17,18,[1 8],18,128,146,110,128
1,<environment.Job instance at 0x7f4e474a85f0>,22,18,[1 6],23,184,202,161,184
1,<environment.Job instance at 0x7f4e474a8eb0>,25,16,[4 6],26,204,220,178,204
1,<environment.Job instance at 0x7f4e03cf8aa0>,4,2,[2 5],5,5,7,0,5
1,<environment.Job instance at 0x7f4e475b5190>,7,15,[5 1],8,8,23,0,8
1,<environment.Job instance at 0x7f4e03cf8a00>,8,12,[1 5],9,9,21,0,9
1,<environment.Job instance at 0x7f4e475b5af0>,10,13,[1 5],11,21,34,10,12
1,<environment.Job instance at 0x7f4e476f5370>,11,3,[7 5],12,23,26,11,13
1,<environment.Job instance at 0x7f4e476f5aa0>,14,16,[8 4],15,26,42,11,24
1,<environment.Job instance at 0x7f4e4e6a8d20>,15,12,[6 4],16,42,54,26,28
1,<environment.Job instance at 0x7f4e476f5dc0>,19,3,[1 6],20,43,46,23,43
1,<environment.Job instance at 0x7f4e4c19c280>,22,14,[7 5],23,54,68,31,49
1,<environment.Job instance at 0x7f4e4c19cb90>,23,1,[6 5],24,68,69,44,49
1,<environment.Job instance at 0x7f4e4bdae410>,16,14,[ 2 10],17,69,83,52,54
1,<environment.Job instance at 0x7f4e037d76e0>,5,19,[6 4],6,7,26,1,7
1,<environment.Job instance at 0x7f4e037d7af0>,7,2,[2 7],8,26,28,18,8
1,<environment.Job instance at 0x7f4e037d7c80>,6,12,[3 9],7,28,40,21,11
1,<environment.Job instance at 0x7f4e037d7410>,10,18,[5 5],11,40,58,29,29
1,<environment.Job instance at 0x7f4e037d7c30>,14,14,[6 5],15,58,72,43,43
1,<environment.Job instance at 0x7f4e037d72d0>,15,17,[2 9],16,72,89,56,60
1,<environment.Job instance at 0x7f4e036e8820>,7,13,[8 4],8,8,21,0,8
1,<environment.Job instance at 0x7f4e03acf730>,11,15,[6 4],12,23,38,11,23
1,<environment.Job instance at 0x7f4e036e8a50>,4,18,[3 7],5,38,56,33,27
1,<environment.Job instance at 0x7fb7b1ca5aa0>,14,13,[7 3],15,73,86,58,73
1,<environment.Job instance at 0x7fb7b1ca5b40>,15,18,[2 8],16,86,104,70,75
1,<environment.Job instance at 0x7fb7bb229280>,8,12,[7 5],9,9,21,0,9
1,<environment.Job instance at 0x7fb7bb227410>,11,13,[5 6],12,26,39,14,26
1,<environment.Job instance at 0x7fb7bb227230>,17,12,[4 8],18,88,100,70,88
1,<environment.Job instance at 0x7fb7bb227730>,20,14,[1 7],21,108,122,87,108
1,<environment.Job instance at 0x7fb7bb2275a0>,21,14,[4 7],22,122,136,100,109
1,<environment.Job instance at 0x7fb7bb227af0>,15,13,[ 4 10],16,136,149,120,130
1,<environment.Job instance at 0x7fb7bb21ae60>,1,1,[ 2 10],2,24,25,22,24
1,<environment.Job instance at 0x7fb76ffaa7d0>,3,13,[4 7],4,68,81,64,68
1,<environment.Job instance at 0x7fb7700561e0>,16,13,[4 9],17,81,94,64,80
1,<environment.Job instance at 0x7fb7700569b0>,18,16,[10  3],19,94,110,75,89
1,<environment.Job instance at 0x7fb7700565f0>,19,16,[6 5],20,110,126,90,97
1,<environment.Job instance at 0x7fb770627c80>,3,12,[7 2],4,4,16,0,4
1,<environment.Job instance at 0x7fb7bb102500>,8,15,[1 7],9,9,24,0,9
1,<environment.Job instance at 0x7fb7704650a0>,9,13,[ 1 10],10,24,37,14,10
1,<environment.Job instance at 0x7fb770465f00>,13,15,[10  4],14,37,52,23,26
1,<environment.Job instance at 0x7fb770465410>,16,19,[2 5],17,52,71,35,42
1,<environment.Job instance at 0x7fb770056b90>,1,16,[7 4],2,52,68,50,50
1,<environment.Job instance at 0x7fb770465dc0>,23,17,[5 1],24,76,93,52,76
1,<environment.Job instance at 0x7fb770405730>,27,13,[9 4],28,93,106,65,80
1,<environment.Job instance at 0x7fb770405aa0>,29,20,[5 1],30,106,126,76,98
1,<environment.Job instance at 0x7fb770405e10>,32,16,[5 5],33,108,124,75,108
1,<environment.Job instance at 0x7fb77041bdc0>,33,3,[7 4],34,126,129,92,110
1,<environment.Job instance at 0x7fb77041bc30>,34,12,[3 8],35,129,141,94,117
1,<environment.Job instance at 0x7fb76ffa80f0>,45,13,[10  4],46,224,237,178,224
1,<environment.Job instance at 0x7fb76ffa88c0>,47,14,[5 7],48,237,251,189,224
1,<environment.Job instance at 0x7fb76ffa1460>,52,3,[2 7],53,251,254,198,249
1,<environment.Job instance at 0x7fb76ffa1280>,53,21,[6 4],54,254,275,200,249
1,<environment.Job instance at 0x7fb76ffa12d0>,55,1,[ 1 10],56,275,276,219,258
1,<environment.Job instance at 0x7fb76ffa1500>,3,13,[10  4],4,30,43,26,30
1,<environment.Job instance at 0x7fb7baa24a00>,9,18,[3 6],10,43,61,33,32
1,<environment.Job instance at 0x7fb770315fa0>,13,15,[4 6],14,61,76,47,48
1,<environment.Job instance at 0x7fb770315f50>,16,18,[5 5],17,76,94,59,65
1,<environment.Job instance at 0x7fb7baa38230>,21,13,[ 4 10],22,96,109,74,96
1,<environment.Job instance at 0x7fb7baa381e0>,24,19,[6 3],25,109,128,84,101
1,<environment.Job instance at 0x7fb7baa25b90>,27,17,[2 5],28,123,140,95,123
1,<environment.Job instance at 0x7fb7baa25d20>,31,12,[10  5],32,140,152,108,126
1,<environment.Job instance at 0x7fb7b211d1e0>,3,12,[4 6],4,6,18,2,6
1,<environment.Job instance at 0x7fb7b2126d20>,21,16,[1 9],22,132,148,110,132
1,<environment.Job instance at 0x7fb7b2126050>,23,13,[5 5],24,148,161,124,133
1,<environment.Job instance at 0x7fb7b2126320>,25,16,[7 5],26,161,177,135,148
1,<environment.Job instance at 0x7fb7b21262d0>,28,13,[3 8],29,177,190,148,162
1,<environment.Job instance at 0x7fb7b2126aa0>,30,14,[3 5],31,190,204,159,175
1,<environment.Job instance at 0x7fb7b2124a00>,33,12,[6 1],34,179,191,145,179
1,<environment.Job instance at 0x7fb7b2124870>,37,17,[1 7],38,204,221,166,196
1,<environment.Job instance at 0x7fb7ba57cc80>,3,14,[5 2],4,4,18,0,4
1,<environment.Job instance at 0x7fb7b2081230>,6,1,[4 6],7,11,12,4,11
1,<environment.Job instance at 0x7fb7b2081780>,7,18,[9 4],8,18,36,10,11
1,<environment.Job instance at 0x7fb7b2081aa0>,11,2,[5 6],12,36,38,24,25
1,<environment.Job instance at 0x7fb7704bccd0>,2,16,[ 4 10],3,38,54,35,30
1,<environment.Job instance at 0x7fb7ba517320>,18,18,[1 5],19,54,72,35,43
1,<environment.Job instance at 0x7fb7bac852d0>,21,3,[2 7],22,72,75,50,53
1,<environment.Job instance at 0x7fb7b1d1f320>,24,17,[10  5],25,75,92,50,63
1,<environment.Job instance at 0x7fb7b1a592d0>,2,14,[5 4],3,4,18,1,4
1,<environment.Job instance at 0x7fb7b1b60190>,8,16,[9 2],9,18,34,9,10
1,<environment.Job instance at 0x7fb7b1b5ffa0>,6,12,[10  1],7,34,46,27,18
1,<environment.Job instance at 0x7fb7b1b60410>,13,12,[5 9],14,46,58,32,34
1,<environment.Job instance at 0x7fb7b1b60230>,14,12,[6 4],15,58,70,43,43
1,<environment.Job instance at 0x7fb7b1b602d0>,9,17,[5 5],10,70,87,60,60
1,<environment.Job instance at 0x7fb7ba9c2960>,5,2,[3 9],6,7,9,1,7
1,<environment.Job instance at 0x7fb7ba9c2dc0>,6,15,[ 4 10],7,9,24,2,7
1,<environment.Job instance at 0x7fb77019c690>,11,12,[10  1],12,45,57,33,45
1,<environment.Job instance at 0x7fb7b1d70640>,17,13,[7 2],18,57,70,39,48
1,<environment.Job instance at 0x7fb7b1d70820>,16,18,[ 4 10],17,128,146,111,128
1,<environment.Job instance at 0x7fb7baa41370>,25,12,[9 1],26,146,158,120,129
1,<environment.Job instance at 0x7fb7ba730d20>,28,19,[6 2],29,158,177,129,149
1,<environment.Job instance at 0x7fb7ba730d20>,4,3,[3 7],5,5,8,0,5
1,<environment.Job instance at 0x7fb7b1fca320>,5,17,[7 5],6,8,25,2,6
1,<environment.Job instance at 0x7fb7b1fcacd0>,6,13,[4 8],7,25,38,18,9
1,<environment.Job instance at 0x7fb77041fc80>,7,17,[10  1],8,38,55,30,26
1,<environment.Job instance at 0x7fb7b1ae7b40>,13,15,[7 2],14,77,92,63,77
1,<environment.Job instance at 0x7fb7b1ae7fa0>,20,14,[1 6],21,144,158,123,144
1,<environment.Job instance at 0x7fb7b1ae7a00>,11,18,[10  4],12,158,176,146,148
1,<environment.Job instance at 0x7fb7701301e0>,7,1,[9 1],8,47,48,39,47
1,<environment.Job instance at 0x7fb7b1e1ebe0>,6,19,[2 7],7,8,27,1,8
1,<environment.Job instance at 0x7fb7b1e1e370>,9,17,[6 1],10,11,28,1,11
1,<environment.Job instance at 0x7fb7b1cb05f0>,11,15,[8 2],12,28,43,16,14
1,<environment.Job instance at 0x7fb7b1cb0dc0>,13,3,[8 3],14,43,46,29,38
1,<environment.Job instance at 0x7fb7b1cb00f0>,15,18,[8 3],16,46,64,30,38
1,<environment.Job instance at 0x7fb7b1a4a8c0>,19,14,[6 1],20,64,78,44,50
1,<environment.Job instance at 0x7fb7b1a4aeb0>,22,14,[5 6],23,78,92,55,66
1,<environment.Job instance at 0x7fb7b1a4a7d0>,25,13,[ 1 10],26,92,105,66,86
1,<environment.Job instance at 0x7fb7b2141b40>,6,13,[1 6],7,7,20,0,7
1,<environment.Job instance at 0x7fb76fe0c8c0>,5,16,[9 5],6,20,36,14,8
1,<environment.Job instance at 0x7fb770473190>,12,19,[8 4],13,77,96,64,77
1,<environment.Job instance at 0x7fb770473c30>,17,14,[7 3],18,129,143,111,129
1,<environment.Job instance at 0x7fb7704735a0>,21,14,[7 5],22,184,198,162,184
1,<environment.Job instance at 0x7fb770489960>,22,16,[2 6],23,198,214,175,186
1,<environment.Job instance at 0x7fb770473d70>,20,18,[1 9],21,214,232,193,204
1,<environment.Job instance at 0x7fb770487a50>,29,17,[7 5],30,232,249,202,221
1,<environment.Job instance at 0x7fb7705f7780>,32,13,[5 9],33,249,262,216,235
1,<environment.Job instance at 0x7fb7bb0d7cd0>,2,1,[6 3],3,3,4,0,3
1,<environment.Job instance at 0x7fb7ba8eeb90>,8,17,[10  1],9,12,29,3,12
1,<environment.Job instance at 0x7fb7ba8ee910>,9,13,[6 1],10,29,42,19,18
1,<environment.Job instance at 0x7fb7ba8eec30>,13,15,[5 8],14,42,57,28,30
1,<environment.Job instance at 0x7fb7b1d7e550>,15,14,[4 7],16,57,71,41,42
1,<environment.Job instance at 0x7fb76fd3f8c0>,21,1,[9 5],22,71,72,49,68
1,<environment.Job instance at 0x7fb770079820>,10,12,[ 4 10],11,72,84,61,69
1,<environment.Job instance at 0x7fb7bb0d72d0>,5,18,[5 3],6,84,102,78,73
1,<environment.Job instance at 0x7fb7b1b530f0>,5,19,[9 2],6,7,26,1,7
1,<environment.Job instance at 0x7fb7b1b53960>,12,16,[7 1],13,26,42,13,26
1,<environment.Job instance at 0x7fb7b1e35cd0>,13,13,[6 5],14,42,55,28,26
1,<environment.Job instance at 0x7fb76ff2e550>,6,16,[2 9],7,14,30,7,14
1,<environment.Job instance at 0x7fb7ba529cd0>,11,15,[10  2],12,75,90,63,75
1,<environment.Job instance at 0x7fb76fc937d0>,3,15,[ 3 10],4,90,105,86,81
1,<environment.Job instance at 0x7fb7ba54b5a0>,16,15,[3 8],17,105,120,88,97
1,<environment.Job instance at 0x7fb7ba4ca4b0>,20,13,[2 8],21,120,133,99,104
1,<environment.Job instance at 0x7fb76ff89e60>,2,15,[8 2],3,4,19,1,4
1,<environment.Job instance at 0x7fb7ba863b90>,5,3,[9 3],6,19,22,13,6
1,<environment.Job instance at 0x7fb7ba51b460>,3,13,[10  2],4,28,41,24,28
1,<environment.Job instance at 0x7fb7702d0820>,8,12,[7 2],9,41,53,32,28
1,<environment.Job instance at 0x7fb770351d20>,9,13,[1 5],10,41,54,31,28
1,<environment.Job instance at 0x7fb7b1d12190>,14,18,[6 1],15,53,71,38,48
1,<environment.Job instance at 0x7fb770351d70>,15,3,[7 4],16,71,74,55,48
1,<environment.Job instance at 0x7fb77036c1e0>,18,18,[2 5],19,55,73,36,55
1,<environment.Job instance at 0x7fb7b1ea9230>,20,3,[9 5],21,74,77,53,62
1,<environment.Job instance at 0x7fb76fcdd8c0>,21,15,[10  1],22,93,108,71,93
1,<environment.Job instance at 0x7fb7b21343c0>,23,15,[2 5],24,108,123,84,99
1,<environment.Job instance at 0x7fb76fd5ba50>,0,18,[6 4],1,7,25,6,7
1,<environment.Job instance at 0x7fb76fd5bd20>,8,1,[3 8],9,25,26,16,9
1,<environment.Job instance at 0x7fb76fd5b5a0>,9,2,[4 7],10,26,28,16,11
1,<environment.Job instance at 0x7fb76fd5bbe0>,10,14,[4 9],11,28,42,17,13
1,<environment.Job instance at 0x7fb76fd5b370>,2,15,[ 3 10],3,42,57,39,29
1,<environment.Job instance at 0x7fb7701c2820>,18,12,[9 2],19,59,71,40,59
1,<environment.Job instance at 0x7fb7701c2640>,11,17,[10  4],12,84,101,72,84
1,<environment.Job instance at 0x7fb7baa05be0>,28,3,[5 1],29,250,253,221,250
1,<environment.Job instance at 0x7fb7baa05050>,31,18,[1 7],32,285,303,253,285
1,<environment.Job instance at 0x7fb7baa05190>,33,12,[5 4],34,2533,2545,2499,2533
1,<environment.Job instance at 0x7fb7baa05870>,34,17,[1 6],35,2533,2550,2498,2533
1,<environment.Job instance at 0x7fb7baa053c0>,36,17,[9 4],37,2545,2562,2508,2535
1,<environment.Job instance at 0x7fb7baa05370>,41,13,[9 1],42,2562,2575,2520,2546
1,<environment.Job instance at 0x7fb7baab7be0>,8,13,[7 3],9,46,59,37,46
1,<environment.Job instance at 0x7fb7b1d35cd0>,10,1,[6 2],11,59,60,48,46
1,<environment.Job instance at 0x7fb7ba666410>,6,2,[3 9],7,60,62,53,46
1,<environment.Job instance at 0x7fb7b1d35fa0>,14,12,[6 3],15,70,82,55,70
1,<environment.Job instance at 0x7fb7b20715a0>,5,2,[2 5],6,70,72,64,70
1,<environment.Job instance at 0x7fb7b1d35c30>,16,16,[ 1 10],17,82,98,65,71
1,<environment.Job instance at 0x7fb7b1d35d20>,15,18,[8 2],16,98,116,82,87
1,<environment.Job instance at 0x7fb7baaa2460>,21,17,[2 5],22,98,115,76,87
1,<environment.Job instance at 0x7fb7baaa2a00>,23,18,[4 6],24,116,134,92,105
1,<environment.Job instance at 0x7fb770118730>,26,14,[1 8],27,134,148,107,119
1,<environment.Job instance at 0x7fb770118690>,29,1,[5 2],30,124,125,94,124
1,<environment.Job instance at 0x7fb7baaa28c0>,17,15,[4 8],18,148,163,130,135
1,<environment.Job instance at 0x7fb770118b40>,31,14,[6 2],32,135,149,103,135
1,<environment.Job instance at 0x7fb7b2059c80>,38,2,[5 7],39,163,165,124,151
1,<environment.Job instance at 0x7fb7b1d35c80>,11,17,[2 8],12,171,188,159,171
1,<environment.Job instance at 0x7fb77010b1e0>,42,17,[7 4],43,188,205,145,176
1,<environment.Job instance at 0x7fb76fe85d70>,45,16,[10  1],46,207,223,161,207
1,<environment.Job instance at 0x7fb76fe85c80>,49,13,[ 4 10],50,254,267,204,254
1,<environment.Job instance at 0x7fc888030140>,4,14,[1 6],5,69,83,64,69
1,<environment.Job instance at 0x7fc880c20a00>,13,18,[ 4 10],14,92,110,78,92
1,<environment.Job instance at 0x7fc880c20be0>,16,16,[3 5],17,110,126,93,97
1,<environment.Job instance at 0x7fc8880578c0>,7,12,[4 8],8,9,21,1,9
1,<environment.Job instance at 0x7fc88805af50>,11,14,[4 7],12,21,35,9,19
1,<environment.Job instance at 0x7fc8881965a0>,16,17,[7 1],17,62,79,45,62
1,<environment.Job instance at 0x7fc83cf05460>,2,15,[6 1],3,3,18,0,3
1,<environment.Job instance at 0x7fc888196e60>,3,12,[6 4],4,18,30,14,4
1,<environment.Job instance at 0x7fc83cf05be0>,9,26,[3 5],10,32,58,22,32
1,<environment.Job instance at 0x7fc83cf05320>,10,17,[6 2],11,35,52,24,35
1,<environment.Job instance at 0x7fc83cec03c0>,3,3,[7 4],4,4,7,0,4
1,<environment.Job instance at 0x7fc83cec0be0>,5,3,[10  2],6,7,10,1,6
1,<environment.Job instance at 0x7fc83d28e7d0>,12,3,[8 4],13,44,47,31,44
1,<environment.Job instance at 0x7fc83d28e1e0>,15,13,[10  4],16,70,83,54,70
1,<environment.Job instance at 0x7fc83d28ef50>,16,16,[6 3],17,83,99,66,71
1,<environment.Job instance at 0x7fc83d28e3c0>,22,3,[2 7],23,95,98,72,95
1,<environment.Job instance at 0x7fc83d28ee10>,23,21,[6 4],24,104,125,80,104
1,<environment.Job instance at 0x7fc83cec6f00>,25,1,[ 1 10],26,125,126,99,124
1,<environment.Job instance at 0x7fc83cec6910>,28,13,[5 1],29,128,141,99,128
1,<environment.Job instance at 0x7fc83cec6be0>,29,3,[9 2],30,141,144,111,128
1,<environment.Job instance at 0x7fc83cec6870>,30,16,[10  4],31,144,160,113,137
1,<environment.Job instance at 0x7fc83d28e320>,24,12,[10  3],25,160,172,135,146
1,<environment.Job instance at 0x7fc83cec6140>,36,17,[7 4],37,178,195,141,178
1,<environment.Job instance at 0x7fc83ce37b40>,4,14,[1 5],5,5,19,0,5
1,<environment.Job instance at 0x7fc83d2d14b0>,6,18,[1 7],7,19,37,12,8
1,<environment.Job instance at 0x7fc83d2d10a0>,0,17,[1 9],1,37,54,36,27
1,<environment.Job instance at 0x7fc83d14a0f0>,10,15,[5 5],11,62,77,51,62
1,<environment.Job instance at 0x7fc83d14af50>,14,13,[7 5],15,89,102,74,89
1,<environment.Job instance at 0x7fc880ec4d70>,5,2,[5 5],6,6,8,0,6
1,<environment.Job instance at 0x7fc83d4fa640>,14,15,[7 1],15,47,62,32,47
1,<environment.Job instance at 0x7fc8859488c0>,15,2,[5 4],16,62,64,46,47
1,<environment.Job instance at 0x7fc8810d43c0>,16,17,[5 4],17,62,79,45,50
1,<environment.Job instance at 0x7fc83d4ee8c0>,8,17,[ 1 10],9,79,96,70,67
1,<environment.Job instance at 0x7fc88112dc80>,18,16,[ 4 10],19,108,124,89,108
1,<environment.Job instance at 0x7fc83cec06e0>,7,15,[8 5],8,19,34,11,19
1,<environment.Job instance at 0x7fc83cec0a00>,10,13,[3 6],11,34,47,23,19
1,<environment.Job instance at 0x7fc880f78b40>,4,17,[8 3],5,47,64,42,35
1,<environment.Job instance at 0x7fc83cec0c80>,14,3,[ 3 10],15,64,67,49,38
1,<environment.Job instance at 0x7fc83cec0eb0>,19,2,[6 2],20,39,41,19,39
1,<environment.Job instance at 0x7fc8856f6320>,7,2,[9 4],8,71,73,63,71
1,<environment.Job instance at 0x7fc8811063c0>,12,14,[6 3],13,95,109,82,95
1,<environment.Job instance at 0x7fc83d4638c0>,11,14,[5 9],12,109,123,97,95
1,<environment.Job instance at 0x7fc8809c6870>,3,1,[10  4],4,4,5,0,4
1,<environment.Job instance at 0x7fc8809c63c0>,4,12,[5 1],5,7,19,2,7
1,<environment.Job instance at 0x7fc83d5d6820>,8,2,[5 4],9,9,11,0,9
1,<environment.Job instance at 0x7fc83d24ca00>,6,12,[4 8],7,12,24,5,12
1,<environment.Job instance at 0x7fc8856e05f0>,12,12,[1 6],13,24,36,11,13
1,<environment.Job instance at 0x7fc8856e05a0>,14,16,[3 6],15,36,52,21,24
1,<environment.Job instance at 0x7fc8852ab550>,16,19,[6 2],17,34,53,17,34
1,<environment.Job instance at 0x7fc83d1920a0>,20,1,[2 7],21,54,55,33,54
1,<environment.Job instance at 0x7fc83d283910>,21,3,[ 5 10],22,55,58,33,54
1,<environment.Job instance at 0x7fc83d258280>,24,12,[6 1],25,58,70,33,57
1,<environment.Job instance at 0x7fc83d2d2a50>,25,13,[1 9],26,58,71,32,57
1,<environment.Job instance at 0x7fc88580e320>,26,15,[6 2],27,71,86,44,57
1,<environment.Job instance at 0x7fc880fbf140>,11,18,[10  5],12,86,104,74,81
1,<environment.Job instance at 0x7fc880fbf140>,6,12,[10  5],7,23,35,16,23
1,<environment.Job instance at 0x7fc880ed99b0>,9,3,[1 5],10,51,54,41,51
1,<environment.Job instance at 0x7fc88526b0f0>,3,17,[3 9],4,74,91,70,74
1,<environment.Job instance at 0x7fc880eb8870>,13,2,[9 2],14,91,93,77,75
1,<environment.Job instance at 0x7fc83d18d2d0>,14,3,[6 2],15,93,96,78,75
1,<environment.Job instance at 0x7fc83cd75500>,19,15,[1 9],20,99,114,79,99
1,<environment.Job instance at 0x7fc88526b410>,2,16,[9 2],3,114,130,111,101
1,<environment.Job instance at 0x7fc8809bd0f0>,22,15,[3 7],23,130,145,107,117
1,<environment.Job instance at 0x7fc880990d20>,28,15,[1 6],29,145,160,116,131
1,<environment.Job instance at 0x7fc880990780>,32,16,[5 1],33,173,189,140,173
1,<environment.Job instance at 0x7fc880990820>,34,13,[5 2],35,173,186,138,173
1,<environment.Job instance at 0x7fc880990280>,35,14,[2 7],36,186,200,150,173
1,<environment.Job instance at 0x7fc880990be0>,37,1,[9 1],38,200,201,162,197
1,<environment.Job instance at 0x7fc8809be0a0>,41,12,[5 8],42,221,233,179,221
1,<environment.Job instance at 0x7fc8853b81e0>,8,15,[9 5],9,9,24,0,9
1,<environment.Job instance at 0x7fc83d2349b0>,9,14,[1 7],10,24,38,14,10
1,<environment.Job instance at 0x7fc83d234f50>,13,3,[6 4],14,38,41,24,24
1,<environment.Job instance at 0x7fc83d234eb0>,14,13,[9 1],15,25,38,10,25
1,<environment.Job instance at 0x7fc83d24e230>,20,19,[3 5],21,54,73,33,54
1,<environment.Job instance at 0x7fc83d234f00>,16,12,[1 7],17,73,85,56,63
1,<environment.Job instance at 0x7fc83d24edc0>,21,18,[8 2],22,73,91,51,63
1,<environment.Job instance at 0x7fc83d24e0f0>,22,15,[8 4],23,115,130,92,115
1,<environment.Job instance at 0x7fc83d1a4d70>,34,18,[6 1],35,132,150,97,132
1,<environment.Job instance at 0x7fc83d2346e0>,15,18,[3 9],16,133,151,117,133
1,<environment.Job instance at 0x7fc83d1a4320>,37,12,[3 5],38,151,163,113,136
1,<environment.Job instance at 0x7fc83d1a42d0>,39,14,[6 1],40,152,166,112,152
1,<environment.Job instance at 0x7fc83d1a4230>,42,14,[5 6],43,180,194,137,180
1,<environment.Job instance at 0x7fc83d1a4b90>,43,14,[9 3],44,194,208,150,182
1,<environment.Job instance at 0x7fc83d1a4280>,45,13,[ 1 10],46,208,221,162,192
1,<environment.Job instance at 0x7fc887d04280>,11,12,[8 3],12,45,57,33,45
1,<environment.Job instance at 0x7fc83ceea0a0>,6,12,[10  3],7,71,83,64,71
1,<environment.Job instance at 0x7fc880c20320>,14,16,[4 7],15,83,99,68,71
1,<environment.Job instance at 0x7fc8852ce960>,22,19,[8 4],23,183,202,160,183
1,<environment.Job instance at 0x7fc887da7af0>,27,14,[7 3],28,202,216,174,200
1,<environment.Job instance at 0x7fc880d8d2d0>,31,14,[7 5],32,255,269,223,255
1,<environment.Job instance at 0x7fc83cd603c0>,33,15,[10  2],34,269,284,235,257
1,<environment.Job instance at 0x7fc8810c7aa0>,34,14,[8 5],35,284,298,249,269
1,<environment.Job instance at 0x7fc83d5d6cd0>,39,17,[7 5],40,303,320,263,303
1,<environment.Job instance at 0x7fc880dd3c30>,26,17,[3 9],27,320,337,293,308
1,<environment.Job instance at 0x7fc83d18da00>,2,1,[6 3],3,3,4,0,3
1,<environment.Job instance at 0x7fc83cccf0f0>,8,17,[10  1],9,10,27,1,10
1,<environment.Job instance at 0x7fc83cccf500>,9,13,[6 1],10,27,40,17,15
1,<environment.Job instance at 0x7fc88590d4b0>,11,17,[6 1],12,40,57,28,28
1,<environment.Job instance at 0x7fc880faed20>,15,14,[4 7],16,35,49,19,35
1,<environment.Job instance at 0x7fc83d5541e0>,25,19,[4 6],26,77,96,51,77
1,<environment.Job instance at 0x7fc880f28050>,8,15,[5 4],9,23,38,14,23
1,<environment.Job instance at 0x7fc83cfe0230>,11,15,[4 9],12,38,53,26,24
1,<environment.Job instance at 0x7fc83cfe0d70>,12,13,[1 8],13,53,66,40,37
1,<environment.Job instance at 0x7fc8858a85f0>,6,17,[4 6],7,7,24,0,7
1,<environment.Job instance at 0x7fc8858a8a50>,3,16,[1 5],4,24,40,20,11
1,<environment.Job instance at 0x7fc8858a8410>,10,13,[5 1],11,11,24,0,11
1,<environment.Job instance at 0x7fc8858a8eb0>,13,17,[ 1 10],14,75,92,61,75
1,<environment.Job instance at 0x7fc8858a8d70>,15,15,[7 5],16,101,116,85,101
1,<environment.Job instance at 0x7fc83d4952d0>,6,18,[5 6],7,23,41,16,23
1,<environment.Job instance at 0x7fc83cc26d70>,10,1,[7 5],11,64,65,53,64
1,<environment.Job instance at 0x7fc8858a8d70>,2,14,[5 6],3,65,79,62,64
1,<environment.Job instance at 0x7fc83d4955a0>,12,18,[7 4],13,87,105,74,87
1,<environment.Job instance at 0x7fc8853c8230>,16,16,[ 2 10],17,106,122,89,106
1,<environment.Job instance at 0x7fc8853df370>,20,13,[10  3],21,122,135,101,107
1,<environment.Job instance at 0x7fc83cf2a280>,21,18,[10  5],22,140,158,118,140
1,<environment.Job instance at 0x7fc83d100af0>,1,13,[9 1],2,2,15,0,2
1,<environment.Job instance at 0x7fc83d1d7a00>,0,16,[3 7],1,15,31,14,9
1,<environment.Job instance at 0x7fc880f77b90>,6,16,[1 7],7,55,71,48,55
1,<environment.Job instance at 0x7fc83d291370>,2,18,[10  3],3,78,96,75,78
1,<environment.Job instance at 0x7fc83d46be60>,4,14,[5 6],5,24,38,19,24
1,<environment.Job instance at 0x7fc880aab370>,11,13,[ 1 10],12,50,63,38,50
1,<environment.Job instance at 0x7fc880aabe10>,14,13,[10  5],15,76,89,61,76
1,<environment.Job instance at 0x7fc880aab4b0>,15,15,[5 5],16,89,104,73,76
1,<environment.Job instance at 0x7fc880aab780>,17,16,[ 1 10],18,104,120,86,92
1,<environment.Job instance at 0x7fc83cc651e0>,4,18,[5 4],5,80,98,75,80
1,<environment.Job instance at 0x7fc83ccea640>,14,12,[7 5],15,109,121,94,109
1,<environment.Job instance at 0x7fdc82f4fa00>,13,18,[ 4 10],14,87,105,73,87
1,<environment.Job instance at 0x7fdc82f4fbe0>,16,16,[3 5],17,105,121,88,92
1,<environment.Job instance at 0x7fdc82ef6460>,0,14,[1 7],1,5,19,4,5
1,<environment.Job instance at 0x7fdc82ef6640>,1,14,[4 7],2,19,33,17,9
1,<environment.Job instance at 0x7fdc3f349140>,3,14,[5 2],4,23,37,19,23
1,<environment.Job instance at 0x7fdc3f3ac6e0>,9,17,[3 7],10,33,50,23,24
1,<environment.Job instance at 0x7fdc3f341050>,11,18,[1 9],12,50,68,38,45
1,<environment.Job instance at 0x7fdc3f1ab320>,5,2,[5 5],6,15,17,9,15
1,<environment.Job instance at 0x7fdc3f1c4690>,11,16,[5 9],12,71,87,59,71
1,<environment.Job instance at 0x7fdc3f20f370>,15,18,[10  5],16,87,105,71,82
1,<environment.Job instance at 0x7fdc830383c0>,4,19,[8 2],5,7,26,2,7
1,<environment.Job instance at 0x7fdc8a254c30>,8,12,[8 5],9,26,38,17,12
1,<environment.Job instance at 0x7fdc8306ecd0>,2,13,[3 6],3,3,16,0,3
1,<environment.Job instance at 0x7fdc8306ee10>,0,18,[7 1],1,5,23,4,5
1,<environment.Job instance at 0x7fdc83573190>,3,18,[ 3 10],4,23,41,19,23
1,<environment.Job instance at 0x7fdc3f5db140>,14,15,[9 1],15,52,67,37,52
1,<environment.Job instance at 0x7fdc3f61b8c0>,18,17,[5 5],19,89,106,70,89
1,<environment.Job instance at 0x7fdc3f61b320>,20,15,[9 4],21,106,121,85,92
1,<environment.Job instance at 0x7fdc3f61b140>,22,13,[1 5],23,94,107,71,94
1,<environment.Job instance at 0x7fdc3f625640>,26,20,[7 1],27,142,162,115,142
1,<environment.Job instance at 0x7fdc3f625c80>,27,20,[6 2],28,162,182,134,154
1,<environment.Job instance at 0x7fdc3f5d1d70>,3,25,[5 6],4,4,29,0,4
1,<environment.Job instance at 0x7fdc3f8a8820>,6,2,[10  5],7,29,31,22,7
1,<environment.Job instance at 0x7fdc3f8a8730>,9,14,[1 7],10,47,61,37,47
1,<environment.Job instance at 0x7fdc3f8a8d70>,10,17,[9 4],11,61,78,50,49
1,<environment.Job instance at 0x7fdc3f8a8be0>,12,18,[4 8],13,78,96,65,70
1,<environment.Job instance at 0x7fdc3f8a8b40>,16,13,[1 5],17,96,109,79,87
1,<environment.Job instance at 0x7fdc3f8a8e60>,22,13,[5 8],23,145,158,122,145
1,<environment.Job instance at 0x7fdc82edcaa0>,24,18,[ 4 10],25,158,176,133,147
1,<environment.Job instance at 0x7fdc82edce60>,28,15,[ 5 10],29,176,191,147,164
1,<environment.Job instance at 0x7fdc3f895280>,31,19,[4 8],32,192,211,160,192
1,<environment.Job instance at 0x7fdc3f895730>,32,16,[ 4 10],33,211,227,178,202
1,<environment.Job instance at 0x7fdc3f6bbe60>,4,14,[7 2],5,5,19,0,5
1,<environment.Job instance at 0x7fdc82f07730>,10,14,[3 8],11,12,26,1,12
1,<environment.Job instance at 0x7fdc82f07780>,11,16,[6 5],12,26,42,14,13
1,<environment.Job instance at 0x7fdc82f07eb0>,13,12,[ 3 10],14,42,54,28,27
1,<environment.Job instance at 0x7fdc8363e6e0>,16,12,[10  1],17,54,66,37,37
1,<environment.Job instance at 0x7fdc3f1f3dc0>,19,17,[5 5],20,66,83,46,55
1,<environment.Job instance at 0x7fdc3f710a50>,21,17,[8 4],22,83,100,61,72
1,<environment.Job instance at 0x7fdc82d0a960>,7,13,[7 2],8,12,25,4,12
1,<environment.Job instance at 0x7fdc830beb90>,4,18,[5 4],5,25,43,20,14
1,<environment.Job instance at 0x7fdc82d0af00>,15,12,[9 1],16,43,55,27,36
1,<environment.Job instance at 0x7fdc82d0a8c0>,6,18,[ 4 10],7,55,73,48,49
1,<environment.Job instance at 0x7fdc82d05230>,18,19,[6 2],19,73,92,54,63
1,<environment.Job instance at 0x7fdc82d05730>,26,18,[7 5],27,135,153,108,135
1,<environment.Job instance at 0x7fdc82d057d0>,27,15,[7 2],28,153,168,125,139
1,<environment.Job instance at 0x7fdc82d05c30>,34,12,[ 1 10],35,706,718,671,706
1,<environment.Job instance at 0x7fdc8397fe10>,5,14,[3 9],6,7,21,1,7
1,<environment.Job instance at 0x7fdc8397f230>,6,12,[10  1],7,21,33,14,7
1,<environment.Job instance at 0x7fdc3f036dc0>,0,1,[2 5],1,2,3,1,2
1,<environment.Job instance at 0x7fdc830d3280>,4,15,[3 5],5,6,21,1,6
1,<environment.Job instance at 0x7fdc82ee62d0>,11,1,[3 9],12,28,29,16,28
1,<environment.Job instance at 0x7fdc82ee63c0>,12,12,[9 4],13,29,41,16,28
1,<environment.Job instance at 0x7fdc83a3b410>,8,18,[3 9],9,41,59,32,30
1,<environment.Job instance at 0x7fdc3f3cfdc0>,16,18,[10  3],17,59,77,42,48
1,<environment.Job instance at 0x7fdc3f54c960>,19,12,[10  2],20,77,89,57,61
1,<environment.Job instance at 0x7fdc832b2320>,21,18,[ 2 10],22,89,107,67,79
1,<environment.Job instance at 0x7fdc82cc3190>,23,18,[ 2 10],24,107,125,83,96
1,<environment.Job instance at 0x7fdc832ba230>,28,13,[6 3],29,132,145,103,132
1,<environment.Job instance at 0x7fdc836bfd20>,5,2,[8 3],6,6,8,0,6
1,<environment.Job instance at 0x7fdc83249550>,3,16,[5 2],4,22,38,18,22
1,<environment.Job instance at 0x7fdc3f232370>,10,3,[5 1],11,22,25,11,22
1,<environment.Job instance at 0x7fdc836ec7d0>,12,14,[2 9],13,38,52,25,23
1,<environment.Job instance at 0x7fdc3f2322d0>,7,18,[ 4 10],8,52,70,44,41
1,<environment.Job instance at 0x7fdc3f7dbaa0>,17,16,[8 4],18,70,86,52,57
1,<environment.Job instance at 0x7fdc82e09690>,19,16,[5 1],20,86,102,66,73
1,<environment.Job instance at 0x7fdc83248460>,23,18,[2 5],24,105,123,81,105
1,<environment.Job instance at 0x7fdc831d6780>,24,18,[ 2 10],25,123,141,98,114
1,<environment.Job instance at 0x7fdc82e25140>,28,2,[7 4],29,141,143,112,123
1,<environment.Job instance at 0x7fdc8300ef50>,3,13,[5 1],4,4,17,0,4
1,<environment.Job instance at 0x7fdc3f4bf230>,6,12,[3 5],7,7,19,0,7
1,<environment.Job instance at 0x7fdc3f4c9690>,5,13,[9 5],6,19,32,13,7
1,<environment.Job instance at 0x7fdc3f4bfc80>,10,2,[3 9],11,32,34,21,11
1,<environment.Job instance at 0x7fdc3f4bf5f0>,9,15,[9 3],10,34,49,24,20
1,<environment.Job instance at 0x7fdc83030050>,0,17,[2 8],1,49,66,48,39
1,<environment.Job instance at 0x7fdc83a40a00>,2,12,[9 3],3,4,16,1,4
1,<environment.Job instance at 0x7fdc835ebc30>,6,19,[8 2],7,22,41,15,22
1,<environment.Job instance at 0x7fdc3f0d7410>,0,17,[3 6],1,41,58,40,34
1,<environment.Job instance at 0x7fdc3f5048c0>,12,16,[7 1],13,66,82,53,66
1,<environment.Job instance at 0x7fdc3f504960>,13,13,[6 5],14,93,106,79,93
1,<environment.Job instance at 0x7fdc8342a0a0>,3,16,[1 5],4,6,22,2,6
1,<environment.Job instance at 0x7fdc82df3e10>,7,15,[10  5],8,22,37,14,8
1,<environment.Job instance at 0x7fdc3f2fb0f0>,10,13,[5 1],11,37,50,26,23
1,<environment.Job instance at 0x7fdc8342a0f0>,0,13,[2 8],1,37,50,36,29
1,<environment.Job instance at 0x7fdc82f46a50>,13,17,[ 1 10],14,67,84,53,67
1,<environment.Job instance at 0x7fdc3f4f9780>,14,14,[5 4],15,84,98,69,69
1,<environment.Job instance at 0x7fdc82f46960>,15,15,[7 5],16,98,113,82,96
1,<environment.Job instance at 0x7fdc3f73b3c0>,10,13,[10  3],11,24,37,13,24
1,<environment.Job instance at 0x7fdc832a0c80>,6,16,[ 2 10],7,48,64,41,48
1,<environment.Job instance at 0x7fdc8316e7d0>,18,12,[6 1],19,94,106,75,94
1,<environment.Job instance at 0x7fdc8316e050>,21,14,[3 7],22,94,108,72,94
1,<environment.Job instance at 0x7fdc3f73b0f0>,8,17,[10  4],9,108,125,99,96
1,<environment.Job instance at 0x7fdc8316e410>,25,12,[7 5],26,125,137,99,114
1,<environment.Job instance at 0x7fdc83063aa0>,8,17,[1 6],9,49,66,40,49
1,<environment.Job instance at 0x7fdc8316e5f0>,3,3,[2 7],4,66,69,62,51
1,<environment.Job instance at 0x7fdc8304b960>,4,17,[7 3],5,51,68,46,51
1,<environment.Job instance at 0x7fdc8304f8c0>,18,15,[3 5],19,116,131,97,116
1,<environment.Job instance at 0x7fdc8304fdc0>,23,15,[6 5],24,194,209,170,194
1,<environment.Job instance at 0x7fdc8304f4b0>,24,1,[10  1],25,209,210,184,194
1,<environment.Job instance at 0x7fdc83061410>,26,12,[8 3],27,215,227,188,215
1,<environment.Job instance at 0x7fdc83061fa0>,28,17,[3 5],29,227,244,198,215
1,<environment.Job instance at 0x7fdc835fb690>,16,16,[2 9],17,93,109,76,93
1,<environment.Job instance at 0x7fdc8a2650f0>,17,18,[2 6],18,109,127,91,102
1,<environment.Job instance at 0x7fdc3f8ab5a0>,0,12,[3 8],1,5,17,4,5
1,<environment.Job instance at 0x7fdc83609550>,6,27,[6 1],7,8,35,1,8
1,<environment.Job instance at 0x7fdc836099b0>,8,3,[10  1],9,35,38,26,9
1,<environment.Job instance at 0x7fdc836091e0>,16,1,[ 3 10],17,46,47,29,46
1,<environment.Job instance at 0x7fdc83609d70>,15,18,[3 8],16,47,65,31,46
1,<environment.Job instance at 0x7fdc836090a0>,4,13,[5 8],5,5,18,0,5
1,<environment.Job instance at 0x7fdc3f18c960>,10,17,[9 3],11,22,39,11,22
1,<environment.Job instance at 0x7fdc3f74e820>,14,17,[8 3],15,44,61,29,44
1,<environment.Job instance at 0x7fe14d53d140>,4,14,[1 6],5,69,83,64,69
1,<environment.Job instance at 0x7fe14812daa0>,14,13,[7 3],15,103,116,88,103
1,<environment.Job instance at 0x7fe14812db40>,15,18,[2 8],16,116,134,100,105
1,<environment.Job instance at 0x7fe1023a3960>,5,3,[10  1],6,6,9,0,6
1,<environment.Job instance at 0x7fe1023a2cd0>,10,2,[9 5],11,11,13,0,11
1,<environment.Job instance at 0x7fe1023a20a0>,11,22,[2 9],12,13,35,1,13
1,<environment.Job instance at 0x7fe1023a21e0>,13,18,[6 5],14,35,53,21,24
1,<environment.Job instance at 0x7fe1023a2820>,15,16,[ 2 10],16,53,69,37,43
1,<environment.Job instance at 0x7fe10251efa0>,22,14,[2 9],23,91,105,68,91
1,<environment.Job instance at 0x7fe1025278c0>,26,12,[5 9],27,112,124,85,112
1,<environment.Job instance at 0x7fe102527a00>,29,12,[9 3],30,142,154,112,142
1,<environment.Job instance at 0x7fe102527e60>,30,18,[10  3],31,154,172,123,151
1,<environment.Job instance at 0x7fe102526c80>,34,3,[10  2],35,172,175,137,171
1,<environment.Job instance at 0x7fe102526e10>,35,3,[5 5],36,175,178,139,172
1,<environment.Job instance at 0x7fe102526190>,40,17,[7 5],41,180,197,139,180
1,<environment.Job instance at 0x7fe10251d3c0>,43,14,[7 5],44,198,212,154,198
1,<environment.Job instance at 0x7fe10237ecd0>,8,3,[5 9],9,10,13,1,10
1,<environment.Job instance at 0x7fe1023f0370>,13,23,[10  2],14,77,100,63,77
1,<environment.Job instance at 0x7fe147fc8320>,21,13,[1 6],22,1398,1411,1376,1398
1,<environment.Job instance at 0x7fe102455320>,22,15,[3 7],23,1411,1426,1388,1398
1,<environment.Job instance at 0x7fe148de4dc0>,6,14,[10  3],7,24,38,17,24
1,<environment.Job instance at 0x7fe148c5ac30>,11,13,[6 5],12,38,51,26,24
1,<environment.Job instance at 0x7fe148417c80>,10,18,[10  4],11,68,86,57,68
1,<environment.Job instance at 0x7fe148634960>,14,14,[2 7],15,95,109,80,95
1,<environment.Job instance at 0x7fe148208c80>,18,16,[6 3],19,95,111,76,95
1,<environment.Job instance at 0x7fe148208d70>,20,15,[5 5],21,111,126,90,97
1,<environment.Job instance at 0x7fe1482aaa50>,23,18,[4 9],24,126,144,102,115
1,<environment.Job instance at 0x7fe1029ea0f0>,8,16,[ 5 10],9,11,27,2,11
1,<environment.Job instance at 0x7fe102811cd0>,9,18,[7 3],10,27,45,17,16
1,<environment.Job instance at 0x7fe102811f00>,13,12,[4 6],14,45,57,31,28
1,<environment.Job instance at 0x7fe1027bb780>,20,2,[1 6],21,89,91,68,89
1,<environment.Job instance at 0x7fe1028130f0>,22,15,[4 9],23,139,154,116,139
1,<environment.Job instance at 0x7fe102813230>,1,3,[2 7],2,2,5,0,2
1,<environment.Job instance at 0x7fe147f17a00>,2,1,[10  4],3,5,6,2,4
1,<environment.Job instance at 0x7fe1028130f0>,3,14,[3 8],4,7,21,3,7
1,<environment.Job instance at 0x7fe148aa27d0>,8,16,[1 5],9,44,60,35,44
1,<environment.Job instance at 0x7fe148aa2eb0>,11,13,[9 3],12,44,57,32,44
1,<environment.Job instance at 0x7fe148aa2140>,13,15,[3 8],14,60,75,46,46
1,<environment.Job instance at 0x7fe1481e9e60>,7,18,[1 5],8,23,41,15,23
1,<environment.Job instance at 0x7fe148b88730>,9,12,[6 3],10,23,35,13,23
1,<environment.Job instance at 0x7fe148b88d20>,11,15,[4 8],12,41,56,29,27
1,<environment.Job instance at 0x7fe148ae3870>,14,13,[9 5],15,56,69,41,40
1,<environment.Job instance at 0x7fe148009fa0>,7,2,[9 4],8,70,72,62,70
1,<environment.Job instance at 0x7fe147fe7280>,12,14,[6 3],13,95,109,82,95
1,<environment.Job instance at 0x7fe147fe7460>,15,14,[9 2],16,112,126,96,112
1,<environment.Job instance at 0x7fe147fe75f0>,1,3,[ 5 10],2,4,7,2,4
1,<environment.Job instance at 0x7fe1485f7910>,6,15,[6 2],7,10,25,3,10
1,<environment.Job instance at 0x7fe1027d7f00>,17,18,[5 2],18,74,92,56,74
1,<environment.Job instance at 0x7fe1483287d0>,23,20,[6 2],24,142,162,118,142
1,<environment.Job instance at 0x7fe147f81dc0>,12,3,[4 8],13,115,118,102,115
1,<environment.Job instance at 0x7fe10289d3c0>,13,16,[ 5 10],14,193,209,179,193
1,<environment.Job instance at 0x7fe102ac7870>,11,15,[6 2],12,67,82,55,67
1,<environment.Job instance at 0x7fe102ac7780>,5,3,[1 8],6,73,76,67,73
1,<environment.Job instance at 0x7fe10278c9b0>,3,19,[7 5],4,82,101,78,73
1,<environment.Job instance at 0x7fe10278c5f0>,4,17,[ 4 10],5,101,118,96,90
1,<environment.Job instance at 0x7fe148c5fcd0>,20,15,[7 1],21,118,133,97,109
1,<environment.Job instance at 0x7fe1481e0230>,2,1,[7 2],3,3,4,0,3
1,<environment.Job instance at 0x7fe14829de60>,0,12,[6 1],1,8,20,7,8
1,<environment.Job instance at 0x7fe14813ccd0>,9,14,[8 5],10,20,34,10,10
1,<environment.Job instance at 0x7fe14813c190>,11,18,[6 1],12,34,52,22,23
1,<environment.Job instance at 0x7fe148ccfd70>,2,13,[7 3],3,75,88,72,75
1,<environment.Job instance at 0x7fe148796870>,4,13,[5 8],5,88,101,83,76
1,<environment.Job instance at 0x7fe14833a0f0>,13,17,[7 2],14,101,118,87,98
1,<environment.Job instance at 0x7fe102a6efa0>,7,18,[3 8],8,101,119,93,100
1,<environment.Job instance at 0x7fe14833a4b0>,14,18,[1 8],15,121,139,106,121
1,<environment.Job instance at 0x7fe102779a00>,22,18,[1 6],23,193,211,170,193
1,<environment.Job instance at 0x7fe102a6e690>,9,17,[8 1],10,194,211,184,194
1,<environment.Job instance at 0x7fe14833a370>,17,18,[1 8],18,213,231,195,213
1,<environment.Job instance at 0x7fe102208dc0>,25,16,[4 6],26,238,254,212,238
1,<environment.Job instance at 0x7fe148ab9be0>,6,16,[2 9],7,15,31,8,15
1,<environment.Job instance at 0x7fe147ec0c80>,4,17,[4 6],5,56,73,51,56
1,<environment.Job instance at 0x7fe1480673c0>,3,15,[ 3 10],4,80,95,76,80
1,<environment.Job instance at 0x7fe102589190>,16,15,[3 8],17,95,110,78,92
1,<environment.Job instance at 0x7fe14888b410>,1,16,[1 6],2,26,42,24,26
1,<environment.Job instance at 0x7fe1480e35a0>,10,1,[7 5],11,42,43,31,26
1,<environment.Job instance at 0x7fe1480e3b40>,8,20,[3 9],9,92,112,83,92
1,<environment.Job instance at 0x7fe1022c57d0>,20,13,[10  3],21,112,125,91,97
1,<environment.Job instance at 0x7fe1024050a0>,21,18,[10  5],22,125,143,103,115
1,<environment.Job instance at 0x7fe1029172d0>,3,3,[2 7],4,29,32,25,29
1,<environment.Job instance at 0x7fe1483b3e10>,4,17,[7 3],5,29,46,24,29
1,<environment.Job instance at 0x7fe1483b3a00>,8,17,[1 6],9,33,50,24,33
1,<environment.Job instance at 0x7fe1483b37d0>,13,21,[5 4],14,60,81,46,60
1,<environment.Job instance at 0x7fe1483b7910>,17,18,[ 4 10],18,99,117,81,99
1,<environment.Job instance at 0x7fe1483b7230>,23,15,[6 5],24,174,189,150,174
1,<environment.Job instance at 0x7fe1486b37d0>,24,1,[10  1],25,189,190,164,174
1,<environment.Job instance at 0x7fe1486b3370>,26,12,[8 3],27,195,207,168,195
1,<environment.Job instance at 0x7fe1486b30a0>,28,17,[3 5],29,207,224,178,196
1,<environment.Job instance at 0x7fe1486b3190>,30,3,[9 1],31,224,227,193,201
1,<environment.Job instance at 0x7fe1486b38c0>,33,17,[7 2],34,242,259,208,242
1,<environment.Job instance at 0x7fe1486b3640>,37,2,[3 5],38,297,299,259,297
1,<environment.Job instance at 0x7fe1486b3460>,29,18,[ 3 10],30,343,361,313,343
1,<environment.Job instance at 0x7fe148b21be0>,6,16,[2 9],7,71,87,64,71
1,<environment.Job instance at 0x7fe148b21910>,4,18,[10  5],5,89,107,84,89
1,<environment.Job instance at 0x7fe1487370a0>,18,13,[2 5],19,113,126,94,113
1,<environment.Job instance at 0x7fe148737b40>,19,16,[ 4 10],20,142,158,122,142
1,<environment.Job instance at 0x7fe148737140>,21,12,[1 7],22,158,170,136,143
1,<environment.Job instance at 0x7fe148de1190>,5,12,[5 1],6,6,18,0,6
1,<environment.Job instance at 0x7fe148de1dc0>,4,15,[8 4],5,18,33,13,7
1,<environment.Job instance at 0x7fe1487354b0>,10,15,[6 5],11,33,48,22,22
1,<environment.Job instance at 0x7fe148735a50>,17,21,[5 5],18,53,74,35,53
1,<environment.Job instance at 0x7fe148735af0>,18,3,[7 2],19,74,77,55,53
1,<environment.Job instance at 0x7fe148735b90>,19,3,[1 8],20,74,77,54,53
1,<environment.Job instance at 0x7fe148735c30>,20,1,[5 8],21,77,78,56,54
1,<environment.Job instance at 0x7fe148735500>,23,12,[ 5 10],24,78,90,54,61
1,<environment.Job instance at 0x7fe148753230>,26,15,[5 5],27,90,105,63,76
1,<environment.Job instance at 0x7fe148753370>,28,14,[3 5],29,90,104,61,77
1,<environment.Job instance at 0x7fe1487534b0>,30,16,[ 5 10],31,105,121,74,92
1,<environment.Job instance at 0x7fe148753690>,33,12,[6 2],34,121,133,87,106
1,<environment.Job instance at 0x7fe1482b7cd0>,2,16,[ 2 10],3,133,149,130,121
1,<environment.Job instance at 0x7fe147eba320>,3,3,[4 8],4,4,7,0,4
1,<environment.Job instance at 0x7fe148872320>,9,17,[7 4],10,34,51,24,34
1,<environment.Job instance at 0x7fe147fcb690>,6,17,[5 5],7,94,111,87,94
1,<environment.Job instance at 0x7fe102a0d280>,19,16,[5 5],20,94,110,74,94
1,<environment.Job instance at 0x7fe1483b0f50>,20,16,[4 8],21,111,127,90,98
1,<environment.Job instance at 0x7fe1483b0aa0>,16,15,[ 3 10],17,127,142,110,118
1,<environment.Job instance at 0x7fe102a16b90>,5,18,[2 8],6,16,34,10,16
1,<environment.Job instance at 0x7fe148402e60>,9,13,[10  1],10,34,47,24,18
1,<environment.Job instance at 0x7fe1023766e0>,2,15,[4 7],3,47,62,44,39
1,<environment.Job instance at 0x7fe1023bf8c0>,6,18,[3 8],7,84,102,77,84
1,<environment.Job instance at 0x7fe147f23b40>,14,13,[5 6],15,102,115,87,86
1,<environment.Job instance at 0x7f495dc82370>,4,14,[1 6],5,47,61,42,47
1,<environment.Job instance at 0x7f495cb23aa0>,14,13,[7 3],15,81,94,66,81
1,<environment.Job instance at 0x7f495cb23b40>,15,18,[2 8],16,94,112,78,83
1,<environment.Job instance at 0x7f495cacbaf0>,3,18,[6 5],4,8,26,4,8
1,<environment.Job instance at 0x7f491ef15550>,4,19,[6 1],5,53,72,48,53
1,<environment.Job instance at 0x7f491ef0c870>,9,14,[2 6],10,53,67,43,53
1,<environment.Job instance at 0x7f491ef16280>,12,14,[2 9],13,72,86,59,72
1,<environment.Job instance at 0x7f491ef16820>,15,13,[5 2],16,103,116,87,103
1,<environment.Job instance at 0x7f491ef16730>,19,12,[9 3],20,131,143,111,131
1,<environment.Job instance at 0x7f491ef16eb0>,24,3,[10  2],25,143,146,118,131
1,<environment.Job instance at 0x7f491ef1a0f0>,26,3,[ 5 10],27,146,149,119,131
1,<environment.Job instance at 0x7f491ef19910>,31,14,[2 7],32,149,163,117,135
1,<environment.Job instance at 0x7f491ef19410>,30,17,[7 5],31,163,180,132,151
1,<environment.Job instance at 0x7f491ef19050>,38,17,[5 2],39,180,197,141,180
1,<environment.Job instance at 0x7f491ef197d0>,37,15,[3 7],38,195,210,157,195
1,<environment.Job instance at 0x7f491ef15230>,5,16,[ 2 10],6,210,226,204,200
1,<environment.Job instance at 0x7f491ef0e230>,46,17,[3 8],47,226,243,179,217
1,<environment.Job instance at 0x7f491eddbc80>,8,16,[5 4],9,16,32,7,16
1,<environment.Job instance at 0x7f491eddb7d0>,0,17,[10  3],1,38,55,37,38
1,<environment.Job instance at 0x7f495da085a0>,16,12,[9 5],17,55,67,38,39
1,<environment.Job instance at 0x7f495c8df1e0>,19,12,[ 5 10],20,67,79,47,51
1,<environment.Job instance at 0x7f495c985f50>,15,15,[5 5],16,79,94,63,65
1,<environment.Job instance at 0x7f491eef0af0>,26,15,[5 3],27,106,121,79,106
1,<environment.Job instance at 0x7f495cd5e690>,27,18,[1 5],28,107,125,79,107
1,<environment.Job instance at 0x7f491eded190>,37,2,[6 3],38,203,205,165,203
1,<environment.Job instance at 0x7f491ed6d9b0>,40,18,[1 6],41,205,223,164,205
1,<environment.Job instance at 0x7f495cd136e0>,6,13,[7 5],7,25,38,18,25
1,<environment.Job instance at 0x7f495cee65a0>,9,18,[8 4],10,38,56,28,27
1,<environment.Job instance at 0x7f495d205aa0>,7,18,[5 9],8,56,74,48,45
1,<environment.Job instance at 0x7f495cee6190>,12,18,[3 9],13,74,92,61,63
1,<environment.Job instance at 0x7f495cca7dc0>,19,18,[3 6],20,92,110,72,81
1,<environment.Job instance at 0x7f491f215780>,11,20,[6 3],12,23,43,11,23
1,<environment.Job instance at 0x7f495d615f00>,13,14,[3 9],14,43,57,29,28
1,<environment.Job instance at 0x7f491f141b90>,5,16,[5 8],6,57,73,51,48
1,<environment.Job instance at 0x7f491f2046e0>,18,18,[3 6],19,73,91,54,65
1,<environment.Job instance at 0x7f491f0ffb90>,6,17,[5 4],7,10,27,3,10
1,<environment.Job instance at 0x7f491f0ff500>,8,16,[ 4 10],9,27,43,18,18
1,<environment.Job instance at 0x7f491f106190>,15,12,[9 4],16,269,281,253,269
1,<environment.Job instance at 0x7f491ed767d0>,13,3,[ 3 10],14,36,39,22,36
1,<environment.Job instance at 0x7f495c9be050>,6,14,[9 5],7,39,53,32,36
1,<environment.Job instance at 0x7f495dca9640>,15,14,[2 6],16,53,67,37,38
1,<environment.Job instance at 0x7f491eec08c0>,16,12,[5 1],17,53,65,36,39
1,<environment.Job instance at 0x7f491f37dfa0>,18,2,[8 5],19,67,69,48,42
1,<environment.Job instance at 0x7f495c9be910>,2,17,[8 5],3,69,86,66,59
1,<environment.Job instance at 0x7f495cb7adc0>,25,2,[3 9],26,86,88,60,68
1,<environment.Job instance at 0x7f495dca9aa0>,14,13,[10  5],15,88,101,73,74
1,<environment.Job instance at 0x7f495cdb7780>,26,15,[ 4 10],27,102,117,75,102
1,<environment.Job instance at 0x7f491f21edc0>,31,12,[10  1],32,117,129,85,104
1,<environment.Job instance at 0x7f495cc4c6e0>,32,1,[10  1],33,129,130,96,105
1,<environment.Job instance at 0x7f495cc4c190>,34,18,[5 4],35,130,148,95,125
1,<environment.Job instance at 0x7f495cc4ceb0>,37,13,[7 2],38,148,161,110,137
1,<environment.Job instance at 0x7f495cc4ceb0>,3,14,[5 4],4,4,18,0,4
1,<environment.Job instance at 0x7f491f0cbfa0>,5,12,[1 9],6,18,30,12,6
1,<environment.Job instance at 0x7f495c900050>,6,18,[6 1],7,18,36,11,7
1,<environment.Job instance at 0x7f495c900870>,15,14,[3 9],16,34,48,18,34
1,<environment.Job instance at 0x7f495c900910>,16,12,[10  1],17,48,60,31,34
1,<environment.Job instance at 0x7f495c9009b0>,17,17,[4 7],18,60,77,42,48
1,<environment.Job instance at 0x7f495c900b90>,20,16,[ 1 10],21,292,308,271,292
1,<environment.Job instance at 0x7f495c900c30>,3,14,[1 8],4,5,19,1,5
1,<environment.Job instance at 0x7f495c900b40>,2,12,[9 4],3,19,31,16,6
1,<environment.Job instance at 0x7f491f2669b0>,8,2,[6 2],9,11,13,2,11
1,<environment.Job instance at 0x7f495ce1e5f0>,9,12,[10  2],10,31,43,21,14
1,<environment.Job instance at 0x7f495d51ee60>,12,14,[8 4],13,43,57,30,30
1,<environment.Job instance at 0x7f495cb0d7d0>,18,13,[6 3],19,64,77,45,64
1,<environment.Job instance at 0x7f491f2699b0>,13,18,[ 2 10],14,77,95,63,66
1,<environment.Job instance at 0x7f495ca9ca00>,14,18,[5 9],15,95,113,80,84
1,<environment.Job instance at 0x7f491f2f9780>,27,2,[5 1],28,95,97,67,85
1,<environment.Job instance at 0x7f495c8dbe10>,30,13,[3 7],31,113,126,82,103
1,<environment.Job instance at 0x7f491f3f6e10>,31,12,[1 8],32,126,138,94,109
1,<environment.Job instance at 0x7f491f228e10>,32,14,[7 4],33,138,152,105,123
1,<environment.Job instance at 0x7f495cf931e0>,7,26,[1 7],8,22,48,14,22
1,<environment.Job instance at 0x7f491ec0fa00>,12,19,[4 6],13,48,67,35,38
1,<environment.Job instance at 0x7f491edce5f0>,15,1,[6 4],16,52,53,36,52
1,<environment.Job instance at 0x7f495d307aa0>,16,13,[5 2],17,53,66,36,52
1,<environment.Job instance at 0x7f495d3078c0>,17,17,[2 8],18,67,84,49,55
1,<environment.Job instance at 0x7f495cfe8fa0>,19,14,[1 7],20,84,98,64,69
1,<environment.Job instance at 0x7f495dcc3f50>,20,19,[4 5],21,98,117,77,89
1,<environment.Job instance at 0x7f491f275320>,23,3,[6 4],24,98,101,74,97
1,<environment.Job instance at 0x7f491f275050>,24,13,[9 1],25,117,130,92,106
1,<environment.Job instance at 0x7f491f3b8190>,31,18,[8 2],32,130,148,98,119
1,<environment.Job instance at 0x7f491f1d1230>,36,19,[2 7],37,157,176,120,157
1,<environment.Job instance at 0x7f495ca53aa0>,11,14,[7 5],12,77,91,65,77
1,<environment.Job instance at 0x7f495ca538c0>,6,17,[3 9],7,96,113,89,96
1,<environment.Job instance at 0x7f495ca53e60>,17,13,[5 9],18,124,137,106,124
1,<environment.Job instance at 0x7f495ca53730>,19,17,[7 5],20,156,173,136,156
1,<environment.Job instance at 0x7f495ca53be0>,13,15,[10  2],14,178,193,164,178
1,<environment.Job instance at 0x7f495ca72280>,22,13,[5 9],23,193,206,170,182
1,<environment.Job instance at 0x7f495cbdca00>,2,2,[5 2],3,3,5,0,3
1,<environment.Job instance at 0x7f495cbdc820>,4,15,[3 5],5,5,20,0,5
1,<environment.Job instance at 0x7f495dca67d0>,10,20,[2 6],11,20,40,9,12
1,<environment.Job instance at 0x7f495dca6dc0>,11,17,[ 1 10],12,40,57,28,36
1,<environment.Job instance at 0x7f495dca6aa0>,16,15,[ 5 10],17,57,72,40,44
1,<environment.Job instance at 0x7f495cf0b190>,18,15,[10  1],19,72,87,53,59
1,<environment.Job instance at 0x7f495cf0bb90>,21,16,[7 5],22,87,103,65,74
1,<environment.Job instance at 0x7f495cf0b320>,17,15,[4 9],18,103,118,85,90
1,<environment.Job instance at 0x7f495cf0b460>,2,13,[2 6],3,4,17,1,4
1,<environment.Job instance at 0x7f491ecae7d0>,7,15,[5 1],8,11,26,3,11
1,<environment.Job instance at 0x7f491f12fa50>,11,3,[7 5],12,26,29,14,12
1,<environment.Job instance at 0x7f491f12fb90>,15,12,[6 4],16,29,41,13,28
1,<environment.Job instance at 0x7f491f12f7d0>,14,16,[8 4],15,41,57,26,28
1,<environment.Job instance at 0x7f495cf3c8c0>,19,3,[1 6],20,30,33,10,30
1,<environment.Job instance at 0x7f495cf3c820>,22,14,[7 5],23,57,71,34,49
1,<environment.Job instance at 0x7f491f40bf00>,2,15,[8 2],3,3,18,0,3
1,<environment.Job instance at 0x7f491f40bb90>,0,13,[5 4],1,18,31,17,5
1,<environment.Job instance at 0x7f495d7eff50>,5,3,[9 3],6,31,34,25,7
1,<environment.Job instance at 0x7f495d7ef780>,9,13,[1 5],10,10,23,0,10
1,<environment.Job instance at 0x7f495d7efb90>,11,2,[ 1 10],12,34,36,22,12
1,<environment.Job instance at 0x7f495cac4eb0>,12,1,[7 4],13,36,37,23,13
1,<environment.Job instance at 0x7f495cac4dc0>,14,18,[6 1],15,37,55,22,26
1,<environment.Job instance at 0x7f495d7e6eb0>,16,16,[1 7],17,37,53,20,27
1,<environment.Job instance at 0x7f495d7ea500>,18,18,[2 5],19,53,71,34,42
1,<environment.Job instance at 0x7f495d7ead70>,20,3,[9 5],21,71,74,50,46
1,<environment.Job instance at 0x7f495d7ea960>,23,15,[2 5],24,74,89,50,66
1,<environment.Job instance at 0x7f495d7ea960>,4,13,[2 8],5,6,19,1,6
1,<environment.Job instance at 0x7f495cbaf820>,6,16,[1 7],7,19,35,12,7
1,<environment.Job instance at 0x7f495d545d70>,0,16,[3 7],1,57,73,56,57
1,<environment.Job instance at 0x7f491ef90a50>,12,18,[3 6],13,77,95,64,77
1,<environment.Job instance at 0x7f495cafc5f0>,2,18,[10  3],3,95,113,92,84
1,<environment.Job instance at 0x7f491f486050>,6,25,[8 5],7,7,32,0,7
1,<environment.Job instance at 0x7f491f486190>,7,18,[5 5],8,83,101,75,83
1,<environment.Job instance at 0x7f491f486550>,16,16,[2 9],17,101,117,84,89
1,<environment.Job instance at 0x7f491eb0f460>,4,15,[8 4],5,6,21,1,6
1,<environment.Job instance at 0x7f491f2f50a0>,6,13,[5 1],7,21,34,14,8
1,<environment.Job instance at 0x7f491eb0f230>,5,12,[5 1],6,21,33,15,15
1,<environment.Job instance at 0x7f495cbbc7d0>,10,15,[6 5],11,34,49,23,22
1,<environment.Job instance at 0x7f491f2f5be0>,7,15,[3 5],8,48,63,40,48
1,<environment.Job instance at 0x7f491f30f320>,19,3,[1 8],20,63,66,43,51
1,<environment.Job instance at 0x7f491f2f5e60>,15,18,[1 9],16,69,87,53,69
1,<environment.Job instance at 0x7f491f30f820>,23,12,[ 5 10],24,87,99,63,70
1,<environment.Job instance at 0x7f491f30fe60>,26,15,[5 5],27,99,114,72,86
1,<environment.Job instance at 0x7f491f183050>,32,14,[5 1],33,99,113,66,96
1,<environment.Job instance at 0x7f491ee297d0>,33,12,[6 2],34,114,126,80,98
1,<environment.Job instance at 0x7f491f0ad550>,8,14,[ 2 10],9,40,54,31,40
1,<environment.Job instance at 0x7f491f0ad190>,10,16,[4 8],11,54,70,43,46
1,<environment.Job instance at 0x7f495d5ee410>,13,16,[5 1],14,64,80,50,64
1,<environment.Job instance at 0x7f495d5eec80>,16,1,[6 4],17,87,88,70,87
1,<environment.Job instance at 0x7f495d5125f0>,17,14,[9 2],18,88,102,70,87
1,<environment.Job instance at 0x7f495d512690>,18,2,[8 3],19,102,104,83,87
1,<environment.Job instance at 0x7f495d017f50>,6,15,[ 3 10],7,104,119,97,91
1,<environment.Job instance at 0x7f495d8512d0>,11,17,[10  3],12,57,74,45,57
1,<environment.Job instance at 0x7f491ec20b90>,14,12,[2 8],15,80,92,65,80
1,<environment.Job instance at 0x7f491ec20320>,24,12,[2 5],25,176,188,151,176
1,<environment.Job instance at 0x7f491eda39b0>,3,12,[4 8],4,24,36,20,24
1,<environment.Job instance at 0x7f491f0f80f0>,9,16,[7 5],10,36,52,26,24
1,<environment.Job instance at 0x7f491f0f8780>,10,15,[5 6],11,52,67,41,39
1,<environment.Job instance at 0x7f491f0f81e0>,14,17,[5 1],15,52,69,37,46
1,<environment.Job instance at 0x7f491f0f8dc0>,16,16,[9 1],17,69,85,52,57
1,<environment.Job instance at 0x7f491f0f8640>,17,3,[7 5],18,85,88,67,59
1,<environment.Job instance at 0x7f491f0f89b0>,19,3,[6 4],20,88,91,68,62
1,<environment.Job instance at 0x7f491f0f8280>,21,14,[1 8],22,67,81,45,62
1,<environment.Job instance at 0x7f491f0f8aa0>,23,14,[5 1],24,91,105,67,76
1,<environment.Job instance at 0x7f491f0f8820>,24,14,[2 7],25,91,105,66,87
1,<environment.Job instance at 0x7f495d3d5be0>,28,18,[2 8],29,105,123,76,97
1,<environment.Job instance at 0x7f495d3d5910>,30,17,[4 7],31,123,140,92,112
1,<environment.Job instance at 0x7f495d3d5a50>,32,18,[7 1],33,140,158,107,129
1,<environment.Job instance at 0x7fd78f45f500>,5,24,[1 5],6,47,71,41,47
1,<environment.Job instance at 0x7fd78f45fb40>,15,18,[2 8],16,71,89,55,71
1,<environment.Job instance at 0x7fd78f45fc80>,2,14,[2 9],3,7,21,4,7
1,<environment.Job instance at 0x7fd7455a7050>,5,13,[5 2],6,21,34,15,8
1,<environment.Job instance at 0x7fd74559f500>,9,12,[9 3],10,34,46,24,19
1,<environment.Job instance at 0x7fd7455a9960>,15,3,[5 5],16,57,60,41,57
1,<environment.Job instance at 0x7fd7455a9870>,16,3,[ 5 10],17,60,63,43,57
1,<environment.Job instance at 0x7fd7455a9140>,17,20,[5 3],18,63,83,45,58
1,<environment.Job instance at 0x7fd7455747d0>,21,14,[2 7],22,66,80,44,66
1,<environment.Job instance at 0x7fd7455acd70>,23,14,[7 5],24,83,97,59,79
1,<environment.Job instance at 0x7fd7455ac0f0>,28,17,[5 2],29,109,126,80,109
1,<environment.Job instance at 0x7fd7455acb90>,33,2,[5 9],34,147,149,113,147
1,<environment.Job instance at 0x7fd7455ad370>,36,17,[3 8],37,176,193,139,176
1,<environment.Job instance at 0x7fd790726550>,7,18,[1 5],8,41,59,33,41
1,<environment.Job instance at 0x7fd745407dc0>,12,2,[5 7],13,93,95,80,93
1,<environment.Job instance at 0x7fd790731410>,0,17,[7 5],1,95,112,94,95
1,<environment.Job instance at 0x7fd790726280>,6,15,[5 3],7,117,132,110,117
1,<environment.Job instance at 0x7fd7454072d0>,19,14,[7 5],20,132,146,112,117
1,<environment.Job instance at 0x7fd745407280>,17,2,[6 3],18,146,148,128,120
1,<environment.Job instance at 0x7fd78f1dc140>,24,16,[10  4],25,148,164,123,140
1,<environment.Job instance at 0x7fd7454d7b90>,27,14,[7 5],28,164,178,136,153
1,<environment.Job instance at 0x7fd7454d7f50>,28,3,[5 5],29,178,181,149,154
1,<environment.Job instance at 0x7fd790644280>,31,16,[7 4],32,181,197,149,175
1,<environment.Job instance at 0x7fd78f1d4d20>,32,15,[5 9],33,215,230,182,215
1,<environment.Job instance at 0x7fd78f6c2b90>,33,12,[7 2],34,230,242,196,215
1,<environment.Job instance at 0x7fd78f90f870>,4,19,[6 3],5,45,64,40,45
1,<environment.Job instance at 0x7fd78f734b90>,11,12,[10  5],12,64,76,52,55
1,<environment.Job instance at 0x7fd78f609370>,7,17,[2 5],8,104,121,96,104
1,<environment.Job instance at 0x7fd78f4d4870>,20,17,[1 9],21,121,138,100,109
1,<environment.Job instance at 0x7fd78f6b0be0>,25,12,[1 6],26,138,150,112,124
1,<environment.Job instance at 0x7fd78ff510f0>,5,17,[6 5],6,29,46,23,29
1,<environment.Job instance at 0x7fd78ff515a0>,9,1,[6 1],10,46,47,36,29
1,<environment.Job instance at 0x7fd7457cedc0>,10,15,[5 2],11,47,62,36,33
1,<environment.Job instance at 0x7fd7458760f0>,14,15,[9 4],15,62,77,47,58
1,<environment.Job instance at 0x7fd78f3e0190>,17,14,[2 6],18,79,93,61,79
1,<environment.Job instance at 0x7fd745874960>,18,15,[3 8],19,93,108,74,79
1,<environment.Job instance at 0x7fd74588b0a0>,23,3,[4 5],24,114,117,90,114
1,<environment.Job instance at 0x7fd7457e3fa0>,4,14,[7 2],5,9,23,4,9
1,<environment.Job instance at 0x7fd7457e31e0>,6,13,[9 2],7,23,36,16,10
1,<environment.Job instance at 0x7fd78fbe4320>,12,14,[5 4],13,36,50,23,21
1,<environment.Job instance at 0x7fd7456a8a50>,10,14,[3 8],11,50,64,39,35
1,<environment.Job instance at 0x7fd78fbe4140>,18,16,[9 2],19,64,80,45,51
1,<environment.Job instance at 0x7fd7456a85a0>,9,15,[10  1],10,80,95,70,67
1,<environment.Job instance at 0x7fd7456627d0>,4,12,[ 1 10],5,8,20,3,8
1,<environment.Job instance at 0x7fd74562f8c0>,6,15,[1 8],7,39,54,32,39
1,<environment.Job instance at 0x7fd78fb73550>,12,14,[1 7],13,54,68,41,39
1,<environment.Job instance at 0x7fd78fb99fa0>,3,1,[10  4],4,4,5,0,4
1,<environment.Job instance at 0x7fd78ff72f00>,4,12,[5 1],5,5,17,0,5
1,<environment.Job instance at 0x7fd74573e0f0>,6,12,[4 8],7,8,20,1,8
1,<environment.Job instance at 0x7fd78ff870f0>,7,14,[1 9],8,20,34,12,12
1,<environment.Job instance at 0x7fd78ff876e0>,12,12,[1 6],13,34,46,21,17
1,<environment.Job instance at 0x7fd78ff87870>,16,19,[6 2],17,34,53,17,34
1,<environment.Job instance at 0x7fd74573e9b0>,0,18,[3 9],1,53,71,52,44
1,<environment.Job instance at 0x7fd78ff87aa0>,20,1,[2 7],21,71,72,50,55
1,<environment.Job instance at 0x7fd78ff87be0>,21,3,[ 5 10],22,72,75,50,58
1,<environment.Job instance at 0x7fd78ff87c80>,25,13,[1 9],26,75,88,49,61
1,<environment.Job instance at 0x7fd78ff87f00>,24,12,[6 1],25,75,87,50,68
1,<environment.Job instance at 0x7fd78ff87e60>,26,15,[6 2],27,88,103,61,78
1,<environment.Job instance at 0x7fd78f7a4550>,1,12,[5 8],2,42,54,40,42
1,<environment.Job instance at 0x7fd78f4b0500>,12,3,[4 8],13,115,118,102,115
1,<environment.Job instance at 0x7fd745a3fcd0>,8,15,[6 1],9,42,57,33,42
1,<environment.Job instance at 0x7fd78f611870>,9,14,[5 7],10,57,71,47,42
1,<environment.Job instance at 0x7fd78f611a00>,12,16,[3 5],13,71,87,58,58
1,<environment.Job instance at 0x7fd78f9e42d0>,0,15,[7 1],1,71,86,70,59
1,<environment.Job instance at 0x7fd78f8fe050>,17,16,[5 1],18,86,102,68,79
1,<environment.Job instance at 0x7fd790187690>,21,16,[8 1],22,102,118,80,89
1,<environment.Job instance at 0x7fd78ff74f50>,2,12,[9 3],3,3,15,0,3
1,<environment.Job instance at 0x7fd78ff74e60>,0,17,[3 6],1,22,39,21,22
1,<environment.Job instance at 0x7fd78f962370>,1,17,[ 4 10],2,39,56,37,27
1,<environment.Job instance at 0x7fd78f7c1c80>,3,12,[9 4],4,5,17,1,5
1,<environment.Job instance at 0x7fd78f7c1f50>,9,15,[5 7],10,17,32,7,11
1,<environment.Job instance at 0x7fd78f7c1f00>,13,14,[4 9],14,32,46,18,31
1,<environment.Job instance at 0x7fd78f7d2730>,18,14,[10  3],19,59,73,40,59
1,<environment.Job instance at 0x7fd78f7d20f0>,21,17,[5 4],22,78,95,56,78
1,<environment.Job instance at 0x7fd745b41460>,0,16,[10  3],1,95,111,94,90
1,<environment.Job instance at 0x7fd78f7d2780>,27,12,[3 7],28,179,191,151,179
1,<environment.Job instance at 0x7fd78f7d2a50>,28,16,[7 1],29,180,196,151,180
1,<environment.Job instance at 0x7fd78f7d27d0>,29,15,[ 4 10],30,196,211,166,183
1,<environment.Job instance at 0x7fd78f7d2500>,32,16,[7 3],33,330,346,297,330
1,<environment.Job instance at 0x7fd78f497a00>,1,18,[4 7],2,3,21,1,3
1,<environment.Job instance at 0x7fd74525e140>,7,2,[2 7],8,21,23,13,8
1,<environment.Job instance at 0x7fd78f369410>,8,17,[9 1],9,23,40,14,12
1,<environment.Job instance at 0x7fd78f369140>,11,17,[ 1 10],12,40,57,28,36
1,<environment.Job instance at 0x7fd78f2fb7d0>,15,17,[2 9],16,57,74,41,45
1,<environment.Job instance at 0x7fd7451fc140>,18,15,[ 3 10],19,74,89,55,61
1,<environment.Job instance at 0x7fd7453192d0>,6,17,[7 5],7,8,25,1,8
1,<environment.Job instance at 0x7fd78fe46a50>,0,18,[6 4],1,25,43,24,16
1,<environment.Job instance at 0x7fd7453195a0>,10,14,[4 9],11,43,57,32,28
1,<environment.Job instance at 0x7fd745319910>,15,13,[4 5],16,29,42,13,29
1,<environment.Job instance at 0x7fd7453197d0>,13,17,[7 2],14,57,74,43,50
1,<environment.Job instance at 0x7fd7453121e0>,4,14,[5 6],5,7,21,2,7
1,<environment.Job instance at 0x7fd745827640>,8,16,[3 6],9,25,41,16,25
1,<environment.Job instance at 0x7fd78f962050>,11,13,[ 1 10],12,52,65,40,52
1,<environment.Job instance at 0x7fd78f962eb0>,13,17,[5 6],14,81,98,67,81
1,<environment.Job instance at 0x7fd78f458910>,17,16,[ 1 10],18,102,118,84,102
1,<environment.Job instance at 0x7fd78f207a50>,16,18,[ 5 10],17,118,136,101,111
1,<environment.Job instance at 0x7fd78f8b2870>,0,12,[3 8],1,3,15,2,3
1,<environment.Job instance at 0x7fd745136e60>,9,2,[1 8],10,23,25,13,23
1,<environment.Job instance at 0x7fd745136640>,8,3,[10  1],9,25,28,16,23
1,<environment.Job instance at 0x7fd78f458500>,7,14,[5 6],8,52,66,44,52
1,<environment.Job instance at 0x7fd7450b4370>,16,1,[ 3 10],17,66,67,49,52
1,<environment.Job instance at 0x7fd7450b4140>,3,3,[4 8],4,4,7,0,4
1,<environment.Job instance at 0x7fd78fe0ddc0>,9,17,[7 4],10,33,50,23,33
1,<environment.Job instance at 0x7fd78fe0d5a0>,16,15,[ 3 10],17,71,86,54,71
1,<environment.Job instance at 0x7fd78fe1c050>,18,14,[ 2 10],19,86,100,67,72
1,<environment.Job instance at 0x7fd78fe1c500>,19,16,[5 5],20,100,116,80,92
1,<environment.Job instance at 0x7fd745873960>,23,16,[5 1],24,119,135,95,119
1,<environment.Job instance at 0x7fd78fe1f820>,27,14,[9 2],28,317,331,289,317
1,<environment.Job instance at 0x7fd7458aafa0>,5,15,[5 6],6,18,33,12,18
1,<environment.Job instance at 0x7fd7455b5730>,13,17,[ 2 10],14,76,93,62,76
1,<environment.Job instance at 0x7fd78f42b730>,14,12,[2 8],15,93,105,78,76
1,<environment.Job instance at 0x7fd78f42b370>,19,15,[5 3],20,127,142,107,127
1,<environment.Job instance at 0x7fd745168a00>,4,17,[5 1],5,5,22,0,5
1,<environment.Job instance at 0x7fd79013d2d0>,0,15,[5 6],1,8,23,7,8
1,<environment.Job instance at 0x7fd78fa6d7d0>,7,3,[7 5],8,23,26,15,8
1,<environment.Job instance at 0x7fd78fa6d230>,9,3,[6 4],10,26,29,16,10
1,<environment.Job instance at 0x7fd78fa6deb0>,11,14,[1 8],12,29,43,17,22
1,<environment.Job instance at 0x7fd78fa6d5f0>,13,14,[5 1],14,29,43,15,24
1,<environment.Job instance at 0x7fd78fa6d8c0>,6,16,[9 1],7,43,59,36,31
1,<environment.Job instance at 0x7fd78fa6d6e0>,17,15,[3 5],18,59,74,41,47
1,<environment.Job instance at 0x7fd7456b28c0>,19,12,[10  4],20,74,86,54,61
1,<environment.Job instance at 0x7fd7456b2960>,22,18,[7 1],23,86,104,63,75
1,<environment.Job instance at 0x7fd745340050>,6,1,[2 7],7,13,14,6,13
1,<environment.Job instance at 0x7fd745340960>,10,14,[3 6],11,40,54,29,40
1,<environment.Job instance at 0x7fd7456b2c80>,1,14,[1 9],2,64,78,62,64
1,<environment.Job instance at 0x7fd745340690>,14,14,[7 4],15,89,103,74,89
1,<environment.Job instance at 0x7fd745340fa0>,17,18,[7 1],18,114,132,96,114
1,<environment.Job instance at 0x7fd745340eb0>,19,13,[ 2 10],20,141,154,121,141
1,<environment.Job instance at 0x7fd78fb4e370>,20,12,[4 5],21,154,166,133,141
1,<environment.Job instance at 0x7fd78fb4e730>,22,18,[ 1 10],23,166,184,143,157
1,<environment.Job instance at 0x7fd78fb4e5a0>,28,15,[3 9],29,254,269,225,254
1,<environment.Job instance at 0x7f0edee2b500>,5,24,[1 5],6,51,75,45,51
1,<environment.Job instance at 0x7f0edee2baa0>,14,13,[7 3],15,69,82,54,69
1,<environment.Job instance at 0x7f0edee2bb40>,15,18,[2 8],16,82,100,66,71
1,<environment.Job instance at 0x7f0e94f73e60>,5,3,[5 5],6,9,12,3,9
1,<environment.Job instance at 0x7f0edee2bc80>,4,3,[10  2],5,12,15,7,10
1,<environment.Job instance at 0x7f0e94f76140>,13,14,[7 5],14,23,37,9,23
1,<environment.Job instance at 0x7f0e94f733c0>,10,17,[7 5],11,52,69,41,52
1,<environment.Job instance at 0x7f0e94f73320>,8,18,[10  1],9,69,87,60,58
1,<environment.Job instance at 0x7f0ededd41e0>,0,18,[10  3],1,87,105,86,82
1,<environment.Job instance at 0x7f0e94f78870>,23,2,[5 9],24,105,107,81,82
1,<environment.Job instance at 0x7f0e94f789b0>,26,17,[3 8],27,107,124,80,96
1,<environment.Job instance at 0x7f0edff89320>,3,1,[7 4],4,4,5,0,4
1,<environment.Job instance at 0x7f0ee00fd690>,2,17,[5 5],3,5,22,2,5
1,<environment.Job instance at 0x7f0ee0102fa0>,7,14,[7 5],8,22,36,14,8
1,<environment.Job instance at 0x7f0edebe13c0>,8,3,[5 5],9,9,12,0,9
1,<environment.Job instance at 0x7f0ee00f7460>,11,16,[7 4],12,36,52,24,23
1,<environment.Job instance at 0x7f0e94eb3c30>,15,20,[3 8],16,52,72,36,44
1,<environment.Job instance at 0x7f0e94eb30f0>,18,15,[1 7],19,72,87,53,59
1,<environment.Job instance at 0x7f0e94eb3dc0>,20,18,[1 7],21,87,105,66,76
1,<environment.Job instance at 0x7f0e954aa370>,4,15,[7 4],5,5,20,0,5
1,<environment.Job instance at 0x7f0e954aaaf0>,8,17,[7 2],9,20,37,11,9
1,<environment.Job instance at 0x7f0edf2c14b0>,9,12,[8 1],10,37,49,27,31
1,<environment.Job instance at 0x7f0edee180a0>,14,2,[4 7],15,49,51,34,32
1,<environment.Job instance at 0x7f0edee18c30>,13,12,[6 5],14,51,63,37,35
1,<environment.Job instance at 0x7f0edf0bf190>,17,19,[5 7],18,63,82,45,58
1,<environment.Job instance at 0x7f0edeeb35a0>,21,14,[5 5],22,109,123,87,109
1,<environment.Job instance at 0x7f0edef35410>,27,13,[6 2],28,150,163,122,150
1,<environment.Job instance at 0x7f0edee63910>,26,14,[ 4 10],27,163,177,136,153
1,<environment.Job instance at 0x7f0edefbc190>,30,18,[7 1],31,177,195,146,166
1,<environment.Job instance at 0x7f0edee80c30>,31,16,[1 8],32,177,193,145,166
1,<environment.Job instance at 0x7f0edee0f3c0>,28,18,[ 1 10],29,195,213,166,186
1,<environment.Job instance at 0x7f0edee814b0>,39,1,[3 7],40,213,214,173,204
1,<environment.Job instance at 0x7f0e95269a00>,6,13,[1 5],7,10,23,3,10
1,<environment.Job instance at 0x7f0e953200f0>,0,17,[9 4],1,26,43,25,26
1,<environment.Job instance at 0x7f0edf4db8c0>,14,18,[ 4 10],15,53,71,38,53
1,<environment.Job instance at 0x7f0e95269230>,7,15,[ 5 10],8,71,86,63,71
1,<environment.Job instance at 0x7f0edf4b3d70>,17,12,[6 3],18,86,98,68,72
1,<environment.Job instance at 0x7f0edf4b3050>,18,15,[ 5 10],19,98,113,79,89
1,<environment.Job instance at 0x7f0e9520b140>,12,13,[5 8],13,113,126,100,108
1,<environment.Job instance at 0x7f0edec22820>,23,14,[5 2],24,118,132,94,118
1,<environment.Job instance at 0x7f0edec1abe0>,27,18,[9 4],28,147,165,119,147
1,<environment.Job instance at 0x7f0edec1aaa0>,30,16,[2 8],31,165,181,134,156
1,<environment.Job instance at 0x7f0e951f8820>,5,1,[6 3],6,6,7,0,6
1,<environment.Job instance at 0x7f0edf269050>,2,16,[5 4],3,7,23,4,6
1,<environment.Job instance at 0x7f0e95466780>,11,14,[5 5],12,12,26,0,12
1,<environment.Job instance at 0x7f0e951f8960>,7,13,[5 4],8,23,36,15,12
1,<environment.Job instance at 0x7f0e95466460>,14,16,[6 1],15,36,52,21,25
1,<environment.Job instance at 0x7f0e951f88c0>,3,17,[ 2 10],4,61,78,57,61
1,<environment.Job instance at 0x7f0e951cc690>,20,16,[10  2],21,81,97,60,81
1,<environment.Job instance at 0x7f0e951cc730>,21,15,[4 8],22,97,112,75,85
1,<environment.Job instance at 0x7f0edf3f5730>,6,14,[8 5],7,7,21,0,7
1,<environment.Job instance at 0x7f0edf3f5b40>,5,14,[9 5],6,26,40,20,26
1,<environment.Job instance at 0x7f0edee136e0>,9,17,[1 5],10,26,43,16,26
1,<environment.Job instance at 0x7f0edee13140>,10,3,[3 9],11,43,46,32,26
1,<environment.Job instance at 0x7f0edee138c0>,8,15,[7 3],9,87,102,78,87
1,<environment.Job instance at 0x7f0edee13dc0>,14,16,[2 9],15,102,118,87,95
1,<environment.Job instance at 0x7f0edf9b1550>,17,18,[5 4],18,126,144,108,126
1,<environment.Job instance at 0x7f0edf62e050>,4,17,[5 5],5,127,144,122,127
1,<environment.Job instance at 0x7f0edf3bb780>,22,18,[9 3],23,144,162,121,133
1,<environment.Job instance at 0x7f0e94f7aaf0>,28,2,[6 2],29,162,164,133,150
1,<environment.Job instance at 0x7f0e951afdc0>,30,18,[7 2],31,164,182,133,153
1,<environment.Job instance at 0x7f0edf6e52d0>,32,13,[5 5],33,182,195,149,166
1,<environment.Job instance at 0x7f0edec2eaa0>,4,2,[7 1],5,5,7,0,5
1,<environment.Job instance at 0x7f0e95173fa0>,8,3,[2 6],9,51,54,42,51
1,<environment.Job instance at 0x7f0e9514f140>,10,2,[10  3],11,54,56,43,51
1,<environment.Job instance at 0x7f0e9514f1e0>,11,16,[5 2],12,56,72,44,51
1,<environment.Job instance at 0x7f0e9514f3c0>,14,3,[9 1],15,72,75,57,52
1,<environment.Job instance at 0x7f0e94def280>,6,15,[7 2],7,7,22,0,7
1,<environment.Job instance at 0x7f0e94def5f0>,8,2,[7 4],9,22,24,13,9
1,<environment.Job instance at 0x7f0edee39b90>,7,19,[10  4],8,26,45,18,26
1,<environment.Job instance at 0x7f0e95048640>,14,2,[ 2 10],15,45,47,30,43
1,<environment.Job instance at 0x7f0edec571e0>,18,14,[4 5],19,69,83,50,69
1,<environment.Job instance at 0x7f0e954d8d70>,2,16,[2 6],3,3,19,0,3
1,<environment.Job instance at 0x7f0e950635a0>,4,14,[8 5],5,19,33,14,7
1,<environment.Job instance at 0x7f0edf0ffb40>,9,17,[7 5],10,33,50,23,24
1,<environment.Job instance at 0x7f0e94f73eb0>,12,13,[5 9],13,51,64,38,51
1,<environment.Job instance at 0x7f0edf8131e0>,15,15,[5 1],16,62,77,46,62
1,<environment.Job instance at 0x7f0edf8cf640>,16,12,[2 7],17,64,76,47,63
1,<environment.Job instance at 0x7f0edf8cf410>,19,17,[1 8],20,76,93,56,64
1,<environment.Job instance at 0x7f0edf1d88c0>,7,17,[9 3],8,15,32,7,15
1,<environment.Job instance at 0x7f0e94f08730>,9,12,[10  1],10,32,44,22,17
1,<environment.Job instance at 0x7f0e9532bcd0>,11,15,[9 5],12,44,59,32,31
1,<environment.Job instance at 0x7f0edef18730>,15,18,[1 5],16,46,64,30,46
1,<environment.Job instance at 0x7f0edf7279b0>,4,14,[5 7],5,116,130,111,116
1,<environment.Job instance at 0x7f0edef0d550>,24,13,[5 8],25,130,143,105,116
1,<environment.Job instance at 0x7f0e94daf500>,19,16,[4 7],20,166,182,146,166
1,<environment.Job instance at 0x7f0e95392370>,29,17,[8 1],30,182,199,152,170
1,<environment.Job instance at 0x7f0e94daf140>,22,13,[7 3],23,199,212,176,193
1,<environment.Job instance at 0x7f0e95392410>,34,18,[1 8],35,212,230,177,212
1,<environment.Job instance at 0x7f0e953929b0>,37,18,[1 8],38,240,258,202,240
1,<environment.Job instance at 0x7f0e94d9e280>,45,16,[4 6],46,304,320,258,304
1,<environment.Job instance at 0x7f0edf7e3b40>,10,13,[2 8],11,47,60,36,47
1,<environment.Job instance at 0x7f0edf7e3280>,8,17,[3 5],9,60,77,51,48
1,<environment.Job instance at 0x7f0edf7e3730>,13,16,[1 5],14,1652,1668,1638,1652
1,<environment.Job instance at 0x7f0edec81be0>,2,2,[4 9],3,3,5,0,3
1,<environment.Job instance at 0x7f0edec814b0>,0,12,[5 9],1,8,20,7,8
1,<environment.Job instance at 0x7f0ededdf870>,7,13,[8 4],8,20,33,12,9
1,<environment.Job instance at 0x7f0e94ea91e0>,11,15,[6 4],12,33,48,21,23
1,<environment.Job instance at 0x7f0edf7416e0>,13,2,[1 6],14,23,25,9,23
1,<environment.Job instance at 0x7f0eded0e0f0>,5,16,[1 8],6,48,64,42,35
1,<environment.Job instance at 0x7f0e94ea9dc0>,6,2,[3 9],7,46,48,39,46
1,<environment.Job instance at 0x7f0e94c2ce10>,10,1,[6 2],11,48,49,37,46
1,<environment.Job instance at 0x7f0ededf1730>,11,17,[2 8],12,48,65,36,47
1,<environment.Job instance at 0x7f0e94e9c5f0>,5,2,[2 5],6,70,72,64,70
1,<environment.Job instance at 0x7f0edebf7190>,0,17,[8 5],1,71,88,70,71
1,<environment.Job instance at 0x7f0e952e35f0>,18,2,[1 7],19,88,90,69,73
1,<environment.Job instance at 0x7f0e952e3a00>,17,15,[4 8],18,90,105,72,77
1,<environment.Job instance at 0x7f0e952e3b90>,20,2,[10  3],21,105,107,84,78
1,<environment.Job instance at 0x7f0e950c1140>,21,17,[2 5],22,107,124,85,96
1,<environment.Job instance at 0x7f0e954c2550>,15,18,[8 2],16,107,125,91,96
1,<environment.Job instance at 0x7f0e94d710f0>,26,14,[1 8],27,124,138,97,113
1,<environment.Job instance at 0x7f0edec070a0>,31,14,[6 2],32,125,139,93,114
1,<environment.Job instance at 0x7f0e952e3280>,24,18,[8 4],25,139,157,114,128
1,<environment.Job instance at 0x7f0edff8a140>,38,2,[5 7],39,157,159,118,130
1,<environment.Job instance at 0x7f0edf2c14b0>,42,17,[7 4],43,159,176,116,158
1,<environment.Job instance at 0x7f0e94c23320>,49,13,[ 4 10],50,235,248,185,235
1,<environment.Job instance at 0x7f0edf8e7140>,14,12,[7 5],15,107,119,92,107
1,<environment.Job instance at 0x7f0edec765f0>,11,21,[5 6],12,30,51,18,30
1,<environment.Job instance at 0x7f0edec76370>,12,17,[10  4],13,51,68,38,44
1,<environment.Job instance at 0x7f0edf97e3c0>,7,12,[6 3],8,12,24,4,12
1,<environment.Job instance at 0x7f0e953eedc0>,9,13,[10  1],10,39,52,29,39
1,<environment.Job instance at 0x7f0edec766e0>,5,18,[2 8],6,52,70,46,41
1,<environment.Job instance at 0x7f0e94d96640>,3,12,[4 8],4,24,36,20,24
1,<environment.Job instance at 0x7f0eded798c0>,9,16,[7 5],10,36,52,26,24
1,<environment.Job instance at 0x7f0eded79be0>,13,16,[ 2 10],14,52,68,38,40
1,<environment.Job instance at 0x7f0eded79c80>,14,17,[5 1],15,68,85,53,56
1,<environment.Job instance at 0x7f0eded79e60>,17,3,[7 5],18,85,88,67,59
1,<environment.Job instance at 0x7f0eded79f50>,19,3,[6 4],20,88,91,68,62
1,<environment.Job instance at 0x7f0eded8a140>,21,14,[1 8],22,91,105,69,77
1,<environment.Job instance at 0x7f0eded8a280>,23,14,[5 1],24,91,105,67,78
1,<environment.Job instance at 0x7f0eded8a6e0>,26,18,[5 8],27,111,129,84,111
1,<environment.Job instance at 0x7f0eded8a690>,27,15,[3 5],28,129,144,101,115
1,<environment.Job instance at 0x7f0eded8a7d0>,30,17,[4 7],31,144,161,113,132
1,<environment.Job instance at 0x7f0eded8aaf0>,35,16,[7 4],36,161,177,125,149
1,<environment.Job instance at 0x7f0e9535fe60>,9,14,[7 3],10,40,54,30,40
1,<environment.Job instance at 0x7f0edf8ebe10>,10,14,[3 6],11,44,58,33,44
1,<environment.Job instance at 0x7f0e952dd0f0>,1,14,[1 9],2,64,78,62,64
1,<environment.Job instance at 0x7f0e953dd1e0>,17,18,[7 1],18,112,130,94,112
1,<environment.Job instance at 0x7f0edf4cb5a0>,21,15,[4 6],22,149,164,127,149
1,<environment.Job instance at 0x7f0edf4cb280>,22,18,[ 1 10],23,164,182,141,154
1,<environment.Job instance at 0x7f0e94f1ffa0>,1,18,[7 1],2,4,22,2,4
1,<environment.Job instance at 0x7f0edec940a0>,3,15,[1 6],4,10,25,6,10
1,<environment.Job instance at 0x7f0e94e979b0>,10,3,[9 4],11,22,25,11,11
1,<environment.Job instance at 0x7f0edec94960>,8,18,[4 9],9,71,89,62,71
1,<environment.Job instance at 0x7f0edf923f00>,16,17,[1 9],17,89,106,72,77
1,<environment.Job instance at 0x7f0edf923b90>,17,16,[4 9],18,106,122,88,94
1,<environment.Job instance at 0x7f0edef54a00>,21,14,[2 7],22,122,136,100,120
1,<environment.Job instance at 0x7f0e94d3cbe0>,24,19,[9 4],25,140,159,115,140
1,<environment.Job instance at 0x7f0e953655f0>,25,16,[4 8],26,219,235,193,219
