iteration,job object,job ID,job Length,job ressource requirement,job enter time,job start time,job finish time,job waiting time,current time
1,<environment.Job instance at 0x15452ed111e0>,3,2,[1 7],6,8,10,2,8
1,<environment.Job instance at 0x15452d995b90>,6,16,[2 7],9,10,26,1,9
1,<environment.Job instance at 0x15452ed115f0>,2,18,[ 1 10],5,26,44,21,18
1,<environment.Job instance at 0x15452dc43c80>,0,13,[ 2 10],1,1,14,0,1
1,<environment.Job instance at 0x15452ed110a0>,1,2,[ 2 10],2,14,16,12,4
1,<environment.Job instance at 0x15452cbda3c0>,5,13,[1 5],7,16,29,9,8
1,<environment.Job instance at 0x15452cbc7500>,2,1,[5 2],5,8,9,3,8
1,<environment.Job instance at 0x15452b83b050>,6,3,[2 6],9,10,13,1,10
1,<environment.Job instance at 0x15452cbc75f0>,3,3,[8 1],6,13,16,7,13
1,<environment.Job instance at 0x1545266996e0>,3,3,[2 8],7,9,12,2,9
1,<environment.Job instance at 0x15452ba69780>,2,3,[9 1],6,14,17,8,14
1,<environment.Job instance at 0x15452669b0f0>,0,3,[1 8],1,2,5,1,2
1,<environment.Job instance at 0x15452ba69780>,4,3,[9 2],5,6,9,1,6
1,<environment.Job instance at 0x15452d9cfdc0>,6,3,[1 6],8,8,11,0,8
1,<environment.Job instance at 0x15452d9cf140>,7,2,[2 7],9,24,26,15,24
1,<environment.Job instance at 0x15452d30e4b0>,0,17,[ 1 10],3,4,21,1,4
1,<environment.Job instance at 0x15452a8e8640>,3,2,[1 7],6,21,23,15,10
1,<environment.Job instance at 0x15452953a500>,5,13,[1 5],7,7,20,0,7
1,<environment.Job instance at 0x15452953a410>,4,3,[6 2],6,15,18,9,15
1,<environment.Job instance at 0x15452a987910>,3,28,[1 9],5,27,55,22,27
1,<environment.Job instance at 0x15452953ae60>,2,1,[5 2],5,6,7,1,6
1,<environment.Job instance at 0x15452e1c7cd0>,6,3,[2 6],9,9,12,0,9
1,<environment.Job instance at 0x15452953afa0>,1,3,[6 1],3,11,14,8,11
1,<environment.Job instance at 0x154530f041e0>,2,3,[9 1],6,11,14,5,11
1,<environment.Job instance at 0x154527336190>,0,3,[1 8],1,1,4,0,1
1,<environment.Job instance at 0x15452c400820>,5,3,[10  2],7,7,10,0,7
1,<environment.Job instance at 0x1545273367d0>,3,2,[5 1],4,10,12,6,8
1,<environment.Job instance at 0x1545273365f0>,2,16,[9 1],3,17,33,14,17
1,<environment.Job instance at 0x15452be9e1e0>,0,17,[ 1 10],3,5,22,2,5
1,<environment.Job instance at 0x15452ce415a0>,6,16,[2 7],9,22,38,13,9
1,<environment.Job instance at 0x15452ceaf410>,4,2,[6 1],7,22,24,15,17
1,<environment.Job instance at 0x15452be78f50>,2,18,[ 1 10],5,38,56,33,36
1,<environment.Job instance at 0x15452936d190>,5,13,[1 5],7,7,20,0,7
1,<environment.Job instance at 0x15452d936f50>,4,3,[6 2],6,15,18,9,15
1,<environment.Job instance at 0x15452d9365a0>,3,28,[1 9],5,42,70,37,42
1,<environment.Job instance at 0x1545294f9c30>,2,1,[5 2],5,8,9,3,8
1,<environment.Job instance at 0x15452bc9b230>,4,21,[7 1],7,9,30,2,9
1,<environment.Job instance at 0x154526ef3640>,6,3,[2 6],9,12,15,3,12
1,<environment.Job instance at 0x15452bd84960>,1,1,[6 1],4,5,6,1,5
1,<environment.Job instance at 0x15452bd84e60>,2,3,[9 1],6,8,11,2,8
1,<environment.Job instance at 0x154527fbe9b0>,4,2,[1 9],8,10,12,2,10
1,<environment.Job instance at 0x154527fbe820>,5,13,[1 6],9,12,25,3,10
1,<environment.Job instance at 0x15452bd84370>,3,3,[2 8],7,28,31,21,28
1,<environment.Job instance at 0x15452c07f690>,3,2,[5 1],4,5,7,1,5
1,<environment.Job instance at 0x15452c07feb0>,4,3,[9 2],5,7,10,2,5
1,<environment.Job instance at 0x15452c07fa50>,5,3,[10  2],7,10,13,3,8
1,<environment.Job instance at 0x15452c07fa00>,7,2,[2 7],9,13,15,4,13
1,<environment.Job instance at 0x154527fcf050>,1,3,[8 1],2,26,29,24,26
1,<environment.Job instance at 0x154526fd7e10>,0,17,[ 1 10],3,5,22,2,5
1,<environment.Job instance at 0x154526fd7be0>,3,2,[1 7],6,22,24,16,7
1,<environment.Job instance at 0x15452c0b50f0>,6,16,[2 7],9,24,40,15,12
1,<environment.Job instance at 0x154526fd72d0>,2,18,[ 1 10],5,41,59,36,41
1,<environment.Job instance at 0x154526b908c0>,5,13,[1 5],7,7,20,0,7
1,<environment.Job instance at 0x154526b90dc0>,6,1,[1 7],8,20,21,12,8
1,<environment.Job instance at 0x15452bc43be0>,2,3,[7 2],4,11,14,7,11
1,<environment.Job instance at 0x15452665acd0>,1,3,[6 1],3,5,8,2,5
1,<environment.Job instance at 0x15452665a640>,2,1,[5 2],5,8,9,3,5
1,<environment.Job instance at 0x15452665ad20>,6,3,[2 6],9,9,12,0,9
1,<environment.Job instance at 0x15452665a780>,3,3,[8 1],6,27,30,21,27
1,<environment.Job instance at 0x154526afb320>,2,3,[9 1],6,7,10,1,7
1,<environment.Job instance at 0x154526afb9b0>,3,3,[2 8],7,10,13,3,10
1,<environment.Job instance at 0x15452ac40dc0>,0,3,[1 8],1,2,5,1,2
1,<environment.Job instance at 0x15452ac40820>,3,2,[5 1],4,6,8,2,6
1,<environment.Job instance at 0x15452b4202d0>,5,3,[10  2],7,9,12,2,9
1,<environment.Job instance at 0x154526367cd0>,1,3,[8 1],2,12,15,10,11
1,<environment.Job instance at 0x15452e2194b0>,1,2,[2 5],4,4,6,0,4
1,<environment.Job instance at 0x15452896f370>,4,2,[6 1],7,7,9,0,7
1,<environment.Job instance at 0x1545270d9230>,3,2,[1 7],6,10,12,4,10
1,<environment.Job instance at 0x15452896f690>,2,18,[ 1 10],5,83,101,78,83
1,<environment.Job instance at 0x15452d5d0690>,2,3,[7 2],4,4,7,0,4
1,<environment.Job instance at 0x154528a6b6e0>,1,2,[ 2 10],2,7,9,5,7
1,<environment.Job instance at 0x15452b150f00>,5,13,[1 5],7,9,22,2,7
1,<environment.Job instance at 0x15452b150730>,6,1,[1 7],8,22,23,14,8
1,<environment.Job instance at 0x15452b149f50>,1,3,[6 1],3,5,8,2,5
1,<environment.Job instance at 0x15452c876280>,2,1,[5 2],5,8,9,3,5
1,<environment.Job instance at 0x15452ccbb9b0>,3,3,[8 1],6,9,12,3,6
1,<environment.Job instance at 0x1545264c0910>,2,3,[9 1],6,7,10,1,7
1,<environment.Job instance at 0x15452b150280>,1,1,[6 1],4,10,11,6,9
1,<environment.Job instance at 0x15452ec70d70>,4,2,[1 9],8,9,11,1,9
1,<environment.Job instance at 0x15452803d910>,1,3,[8 1],2,2,5,0,2
1,<environment.Job instance at 0x15452a14b960>,4,3,[9 2],5,5,8,0,5
1,<environment.Job instance at 0x15452a942050>,5,3,[10  2],7,8,11,1,8
1,<environment.Job instance at 0x154526a87aa0>,7,2,[2 7],9,13,15,4,13
1,<environment.Job instance at 0x15452c6deb90>,3,2,[5 1],4,16,18,12,16
1,<environment.Job instance at 0x154526591500>,2,16,[9 1],3,23,39,20,23
1,<environment.Job instance at 0x15452bee8cd0>,1,2,[2 5],4,5,7,1,5
1,<environment.Job instance at 0x154528b210f0>,2,18,[ 1 10],5,7,25,2,5
1,<environment.Job instance at 0x15452bee8b40>,4,2,[6 1],7,25,27,18,10
1,<environment.Job instance at 0x15452bee87d0>,3,2,[1 7],6,25,27,19,19
1,<environment.Job instance at 0x15452e513af0>,2,3,[7 2],4,4,7,0,4
1,<environment.Job instance at 0x154529316730>,0,13,[ 2 10],1,7,20,6,5
1,<environment.Job instance at 0x15452be77640>,1,2,[ 2 10],2,20,22,18,5
1,<environment.Job instance at 0x15452e513780>,3,28,[1 9],5,34,62,29,34
1,<environment.Job instance at 0x1545288d9140>,5,13,[1 5],7,62,75,55,46
1,<environment.Job instance at 0x154526fb9050>,2,1,[5 2],5,6,7,1,6
1,<environment.Job instance at 0x1545288d9960>,6,3,[2 6],9,13,16,4,13
1,<environment.Job instance at 0x154526fb9550>,1,3,[6 1],3,37,40,34,37
1,<environment.Job instance at 0x15452c9f5500>,2,3,[9 1],6,7,10,1,7
1,<environment.Job instance at 0x15452a743690>,4,2,[1 9],8,8,10,0,8
1,<environment.Job instance at 0x15452731df50>,1,1,[6 1],4,10,11,6,9
1,<environment.Job instance at 0x15452a744690>,5,13,[1 6],9,10,23,1,10
1,<environment.Job instance at 0x15452a7444b0>,3,2,[5 1],4,5,7,1,5
1,<environment.Job instance at 0x154526fb9c80>,1,3,[8 1],2,7,10,5,5
1,<environment.Job instance at 0x15452a744230>,5,3,[10  2],7,10,13,3,9
1,<environment.Job instance at 0x15452d68ed20>,6,3,[1 6],8,13,16,5,9
1,<environment.Job instance at 0x15452f150320>,1,2,[2 5],4,5,7,1,5
1,<environment.Job instance at 0x15452cd4bfa0>,2,18,[ 1 10],5,7,25,2,5
1,<environment.Job instance at 0x154526cc6960>,3,2,[1 7],6,25,27,19,8
1,<environment.Job instance at 0x154527eff9b0>,4,2,[6 1],7,25,27,18,10
1,<environment.Job instance at 0x1545291052d0>,2,3,[7 2],4,4,7,0,4
1,<environment.Job instance at 0x154529d8baa0>,1,2,[ 2 10],2,7,9,5,5
1,<environment.Job instance at 0x15452724c500>,4,3,[6 2],6,9,12,3,6
1,<environment.Job instance at 0x15452724c730>,5,13,[1 5],7,9,22,2,8
1,<environment.Job instance at 0x15452724ceb0>,6,1,[1 7],8,22,23,14,9
1,<environment.Job instance at 0x154529105550>,3,28,[1 9],5,126,154,121,126
1,<environment.Job instance at 0x15452e83e550>,2,1,[5 2],5,5,6,0,5
1,<environment.Job instance at 0x15452bc0ae60>,1,3,[6 1],3,6,9,3,6
1,<environment.Job instance at 0x154527adea50>,3,3,[8 1],6,9,12,3,8
1,<environment.Job instance at 0x154527a52370>,6,3,[2 6],9,9,12,0,9
1,<environment.Job instance at 0x15452d8a0460>,1,1,[6 1],4,6,7,2,6
1,<environment.Job instance at 0x15452a68e820>,2,3,[9 1],6,7,10,1,6
1,<environment.Job instance at 0x15452abaf910>,4,2,[1 9],8,8,10,0,8
1,<environment.Job instance at 0x15452a68ed70>,3,3,[2 8],7,10,13,3,8
1,<environment.Job instance at 0x15452abaf140>,5,13,[1 6],9,13,26,4,13
1,<environment.Job instance at 0x15452a0102d0>,0,3,[1 8],1,1,4,0,1
1,<environment.Job instance at 0x1545264ae320>,1,3,[8 1],2,4,7,2,4
1,<environment.Job instance at 0x15452c4c0370>,3,2,[5 1],4,7,9,3,5
1,<environment.Job instance at 0x15452b775b90>,6,3,[1 6],8,9,12,1,9
1,<environment.Job instance at 0x15452c8eabe0>,1,2,[2 5],4,5,7,1,5
1,<environment.Job instance at 0x15452a52eaf0>,2,18,[ 1 10],5,7,25,2,5
1,<environment.Job instance at 0x15452a52e370>,1,2,[ 2 10],2,7,9,5,7
1,<environment.Job instance at 0x154527963690>,6,1,[1 7],8,9,10,1,9
1,<environment.Job instance at 0x154526d4e640>,5,13,[1 5],7,10,23,3,9
1,<environment.Job instance at 0x15452dc9faa0>,1,3,[6 1],3,3,6,0,3
1,<environment.Job instance at 0x15452dc9f500>,2,1,[5 2],5,6,7,1,5
1,<environment.Job instance at 0x15452dc9f7d0>,3,3,[8 1],6,7,10,1,6
1,<environment.Job instance at 0x15452dc9f5f0>,6,3,[2 6],9,107,110,98,107
1,<environment.Job instance at 0x15452dc9f550>,5,22,[8 2],8,216,238,208,216
1,<environment.Job instance at 0x154525590820>,1,1,[6 1],4,4,5,0,4
1,<environment.Job instance at 0x15452591df50>,2,3,[9 1],6,6,9,0,6
1,<environment.Job instance at 0x154525912730>,3,3,[2 8],7,9,12,2,9
1,<environment.Job instance at 0x1545275ccd20>,4,2,[1 9],8,12,14,4,10
1,<environment.Job instance at 0x1545275cc690>,5,13,[1 6],9,23,36,14,23
1,<environment.Job instance at 0x154525590780>,1,3,[8 1],2,4,7,2,4
1,<environment.Job instance at 0x154529bcc820>,5,3,[10  2],7,8,11,1,8
1,<environment.Job instance at 0x154e3324a050>,0,17,[ 1 10],3,5,22,2,5
1,<environment.Job instance at 0x154e354060a0>,3,2,[1 7],6,22,24,16,6
1,<environment.Job instance at 0x154e35541230>,2,3,[7 2],4,6,9,2,6
1,<environment.Job instance at 0x154e354a8230>,4,3,[6 2],6,9,12,3,8
1,<environment.Job instance at 0x154e3468bfa0>,6,1,[1 7],8,8,9,0,8
1,<environment.Job instance at 0x154e3468be10>,5,13,[1 5],7,14,27,7,14
1,<environment.Job instance at 0x154e346dfcd0>,0,17,[1 7],2,7,24,5,7
1,<environment.Job instance at 0x154e332f9f50>,6,3,[2 6],9,24,27,15,21
1,<environment.Job instance at 0x154e3433c690>,0,20,[ 1 10],2,7,27,5,7
1,<environment.Job instance at 0x154e3609ad20>,3,2,[5 1],4,5,7,1,5
1,<environment.Job instance at 0x154e36675d70>,6,3,[1 6],8,9,12,1,9
1,<environment.Job instance at 0x154e322ab2d0>,5,3,[10  2],7,12,15,5,12
1,<environment.Job instance at 0x154e36675c80>,7,2,[2 7],9,17,19,8,17
1,<environment.Job instance at 0x154e2d83af00>,6,16,[2 7],9,15,31,6,15
1,<environment.Job instance at 0x154e2d519eb0>,2,3,[7 2],4,7,10,3,7
1,<environment.Job instance at 0x154e2d582190>,5,13,[1 5],7,7,20,0,7
1,<environment.Job instance at 0x154e2d519690>,4,3,[6 2],6,10,13,4,7
1,<environment.Job instance at 0x154e2c6698c0>,6,1,[1 7],8,20,21,12,15
1,<environment.Job instance at 0x154e2d842140>,3,28,[1 9],5,22,50,17,22
1,<environment.Job instance at 0x154e2d8420f0>,3,3,[8 1],6,8,11,2,8
1,<environment.Job instance at 0x154e2cab8050>,0,17,[1 7],2,12,29,10,12
1,<environment.Job instance at 0x154e2c7a8320>,5,22,[8 2],8,12,34,4,12
1,<environment.Job instance at 0x154e2d83f550>,1,3,[8 1],2,4,7,2,4
1,<environment.Job instance at 0x154e348bbf50>,2,16,[9 1],3,7,23,4,5
1,<environment.Job instance at 0x154e3491c050>,6,3,[1 6],8,8,11,0,8
1,<environment.Job instance at 0x154e2c3e60f0>,7,2,[2 7],9,23,25,14,22
1,<environment.Job instance at 0x154e2c188410>,3,2,[1 7],6,8,10,2,8
1,<environment.Job instance at 0x154e2d674eb0>,6,16,[2 7],9,14,30,5,14
1,<environment.Job instance at 0x154e2c97a410>,2,3,[7 2],4,7,10,3,7
1,<environment.Job instance at 0x154e2d81f960>,5,13,[1 5],7,7,20,0,7
1,<environment.Job instance at 0x154e2cb37050>,4,3,[6 2],6,10,13,4,7
1,<environment.Job instance at 0x154e2d5e7af0>,5,22,[8 2],8,8,30,0,8
1,<environment.Job instance at 0x154e2e7d9a50>,3,3,[2 8],7,7,10,0,7
1,<environment.Job instance at 0x154e34305e60>,1,3,[8 1],2,4,7,2,4
1,<environment.Job instance at 0x154e34bd8d20>,2,16,[9 1],3,7,23,4,5
1,<environment.Job instance at 0x154e33849eb0>,6,3,[1 6],8,8,11,0,8
1,<environment.Job instance at 0x154e33849410>,7,2,[2 7],9,23,25,14,22
1,<environment.Job instance at 0x154e324d2050>,3,2,[1 7],6,8,10,2,8
1,<environment.Job instance at 0x154e2dbbb230>,6,16,[2 7],9,14,30,5,14
1,<environment.Job instance at 0x154e2cc39320>,3,28,[1 9],5,7,35,2,7
1,<environment.Job instance at 0x154e2cc6fa00>,5,22,[8 2],8,8,30,0,8
1,<environment.Job instance at 0x154e32b74730>,3,3,[2 8],7,7,10,0,7
1,<environment.Job instance at 0x154e3284b280>,2,16,[9 1],3,4,20,1,4
1,<environment.Job instance at 0x154e3284b1e0>,0,3,[1 8],1,8,11,7,8
1,<environment.Job instance at 0x154e30b191e0>,7,2,[2 7],9,22,24,13,22
1,<environment.Job instance at 0x154e30a9b780>,1,2,[2 5],4,5,7,1,5
1,<environment.Job instance at 0x154e33d2ebe0>,3,2,[1 7],6,7,9,1,6
1,<environment.Job instance at 0x154e33d2e690>,6,16,[2 7],9,14,30,5,14
1,<environment.Job instance at 0x154e35041af0>,1,2,[ 2 10],2,2,4,0,2
1,<environment.Job instance at 0x154e3668a1e0>,2,3,[7 2],4,6,9,2,6
1,<environment.Job instance at 0x154e3538c6e0>,3,28,[1 9],5,9,37,4,8
1,<environment.Job instance at 0x154e3268f690>,6,1,[1 7],8,37,38,29,9
1,<environment.Job instance at 0x154e2df865a0>,5,22,[8 2],8,8,30,0,8
1,<environment.Job instance at 0x154e31b9c2d0>,3,3,[2 8],7,7,10,0,7
1,<environment.Job instance at 0x154e2d1b5f50>,1,3,[8 1],2,4,7,2,4
1,<environment.Job instance at 0x154e34fc8f00>,2,16,[9 1],3,7,23,4,5
1,<environment.Job instance at 0x154e2ceaeaf0>,6,3,[1 6],8,9,12,1,9
1,<environment.Job instance at 0x154e34fc87d0>,3,2,[5 1],4,23,25,19,9
1,<environment.Job instance at 0x154e2ceaef00>,7,2,[2 7],9,23,25,14,13
1,<environment.Job instance at 0x154e33184050>,3,2,[1 7],6,8,10,2,8
1,<environment.Job instance at 0x154e33171780>,6,16,[2 7],9,13,29,4,13
1,<environment.Job instance at 0x154e2df56cd0>,0,13,[ 2 10],1,7,20,6,7
1,<environment.Job instance at 0x154e31952820>,3,28,[1 9],5,20,48,15,19
1,<environment.Job instance at 0x154e2e558af0>,1,3,[6 1],3,4,7,1,4
1,<environment.Job instance at 0x154e31797820>,0,17,[1 7],2,8,25,6,8
1,<environment.Job instance at 0x154e2e3c6c30>,6,3,[2 6],9,25,28,16,11
1,<environment.Job instance at 0x154e2e3c6820>,1,3,[8 1],2,4,7,2,4
1,<environment.Job instance at 0x154e31bbc410>,2,16,[9 1],3,7,23,4,5
1,<environment.Job instance at 0x154e32589870>,5,3,[10  2],7,23,26,16,8
1,<environment.Job instance at 0x154e32675370>,7,2,[2 7],9,26,28,17,12
1,<environment.Job instance at 0x154e31bbca50>,3,2,[5 1],4,28,30,24,28
1,<environment.Job instance at 0x154e3345de10>,1,2,[2 5],4,5,7,1,5
1,<environment.Job instance at 0x154e3525bb90>,3,2,[1 7],6,7,9,1,6
1,<environment.Job instance at 0x154e33520b90>,2,18,[ 1 10],5,9,27,4,8
1,<environment.Job instance at 0x154e32b59a00>,5,3,[9 1],8,27,30,19,14
1,<environment.Job instance at 0x154e34aca0f0>,1,2,[ 2 10],2,2,4,0,2
1,<environment.Job instance at 0x154e33201b40>,2,3,[7 2],4,6,9,2,6
1,<environment.Job instance at 0x154e33373d20>,5,13,[1 5],7,8,21,1,8
1,<environment.Job instance at 0x154e2c826fa0>,6,1,[1 7],8,21,22,13,12
1,<environment.Job instance at 0x154e3405a3c0>,1,3,[6 1],3,4,7,1,4
1,<environment.Job instance at 0x154e355b5190>,5,22,[8 2],8,8,30,0,8
1,<environment.Job instance at 0x154e2ca47460>,1,3,[8 1],2,4,7,2,4
1,<environment.Job instance at 0x154e35129d20>,4,3,[9 2],5,7,10,2,5
1,<environment.Job instance at 0x154e35129cd0>,2,16,[9 1],3,10,26,7,5
1,<environment.Job instance at 0x154e2cdecb40>,5,3,[10  2],7,26,29,19,8
1,<environment.Job instance at 0x154e34be8dc0>,7,2,[2 7],9,29,31,20,12
1,<environment.Job instance at 0x154e2e600eb0>,1,2,[2 5],4,5,7,1,5
1,<environment.Job instance at 0x154e371dc690>,3,2,[1 7],6,7,9,1,6
1,<environment.Job instance at 0x154e2e600b40>,2,18,[ 1 10],5,9,27,4,8
1,<environment.Job instance at 0x154e371dc960>,5,3,[9 1],8,27,30,19,13
1,<environment.Job instance at 0x154e33d712d0>,0,13,[ 2 10],1,3,16,2,3
1,<environment.Job instance at 0x154e33d71c30>,1,2,[ 2 10],2,16,18,14,3
1,<environment.Job instance at 0x154e33a3dd70>,2,3,[7 2],4,18,21,14,6
1,<environment.Job instance at 0x154e3020e280>,5,13,[1 5],7,18,31,11,7
1,<environment.Job instance at 0x154e3020dc80>,1,3,[6 1],3,4,7,1,4
1,<environment.Job instance at 0x154e33c9b690>,0,17,[1 7],2,8,25,6,8
1,<environment.Job instance at 0x154e31c2d5a0>,6,3,[2 6],9,25,28,16,11
1,<environment.Job instance at 0x154e30ee5f00>,0,20,[ 1 10],2,11,31,9,11
1,<environment.Job instance at 0x154e37f52fa0>,0,3,[1 8],1,6,9,5,6
1,<environment.Job instance at 0x154e37f52d20>,4,3,[9 2],5,8,11,3,8
1,<environment.Job instance at 0x154e36f47190>,7,2,[2 7],9,11,13,2,9
1,<environment.Job instance at 0x154e37f52af0>,3,2,[5 1],4,11,13,7,11
1,<environment.Job instance at 0x14f4ef5cdaa0>,3,16,[2 7],4,6,22,2,6
1,<environment.Job instance at 0x14f4ef5cda50>,1,2,[6 1],2,6,8,4,6
1,<environment.Job instance at 0x14f4ee77e8c0>,2,3,[7 2],4,5,8,1,5
1,<environment.Job instance at 0x14f4eaebb0a0>,3,16,[2 7],4,6,22,2,6
1,<environment.Job instance at 0x14f4eaec0910>,1,2,[6 1],2,6,8,4,6
1,<environment.Job instance at 0x14f4eae82aa0>,2,3,[7 2],4,5,8,1,5
1,<environment.Job instance at 0x14f4f03c9370>,3,16,[2 7],4,6,22,2,6
1,<environment.Job instance at 0x14f4ef891550>,1,2,[6 1],2,6,8,4,6
1,<environment.Job instance at 0x14f4ed0d85f0>,2,3,[7 2],4,5,8,1,5
1,<environment.Job instance at 0x14f4ee48c0a0>,3,16,[2 7],4,6,22,2,6
1,<environment.Job instance at 0x14f4ec7b1b90>,1,2,[6 1],2,6,8,4,6
1,<environment.Job instance at 0x14f4ee48c6e0>,2,3,[9 1],3,22,25,19,10
1,<environment.Job instance at 0x14f4f1c207d0>,2,3,[7 2],4,5,8,1,5
1,<environment.Job instance at 0x14f4ea66e370>,3,16,[2 7],4,6,22,2,6
1,<environment.Job instance at 0x14f4eb2b4f50>,1,2,[6 1],2,6,8,4,6
1,<environment.Job instance at 0x14f4f079cd70>,2,3,[7 2],4,5,8,1,5
1,<environment.Job instance at 0x14f4e9aaaf00>,1,2,[ 2 10],2,11,13,9,11
1,<environment.Job instance at 0x14f4ed7aa190>,2,1,[1 7],3,3,4,0,3
1,<environment.Job instance at 0x14f4f20538c0>,0,17,[ 1 10],3,8,25,5,8
1,<environment.Job instance at 0x14f4f198d3c0>,3,16,[2 7],4,5,21,1,5
1,<environment.Job instance at 0x14f4ea61d0f0>,2,3,[9 1],3,21,24,18,5
1,<environment.Job instance at 0x14f4f018ae60>,1,2,[ 2 10],2,5,7,3,5
1,<environment.Job instance at 0x14f4ef78b730>,2,3,[7 2],4,7,10,3,5
1,<environment.Job instance at 0x14f4f269bb40>,2,1,[1 7],3,3,4,0,3
1,<environment.Job instance at 0x14f4ebe5d1e0>,0,17,[ 1 10],3,8,25,5,8
1,<environment.Job instance at 0x14f4ef824f50>,2,3,[9 1],3,5,8,2,5
1,<environment.Job instance at 0x14f4ee184870>,1,2,[ 2 10],2,7,9,5,7
1,<environment.Job instance at 0x14f4ecd84690>,1,13,[1 5],2,10,23,8,10
1,<environment.Job instance at 0x14f4eb6d74b0>,0,17,[ 1 10],3,8,25,5,8
1,<environment.Job instance at 0x14f4e9bac280>,3,16,[2 7],4,5,21,1,5
1,<environment.Job instance at 0x14f4e9bac780>,2,3,[9 1],3,21,24,18,5
1,<environment.Job instance at 0x14f4ec278190>,2,3,[7 2],4,5,8,1,5
1,<environment.Job instance at 0x14f4f0ebb1e0>,2,1,[1 7],3,3,4,0,3
1,<environment.Job instance at 0x14f4efe51690>,0,17,[ 1 10],3,8,25,5,8
1,<environment.Job instance at 0x14f4ea7aee10>,2,3,[9 1],3,4,7,1,4
1,<environment.Job instance at 0x14f4ee4db730>,3,16,[2 7],4,7,23,3,5
1,<environment.Job instance at 0x14f4ea7ae550>,1,2,[6 1],2,7,9,5,5
1,<environment.Job instance at 0x14f4f13b75f0>,2,3,[7 2],4,5,8,1,5
1,<environment.Job instance at 0x14f4ef7915a0>,2,1,[1 7],3,3,4,0,3
1,<environment.Job instance at 0x14f4eae4ae10>,1,2,[2 5],4,8,10,4,8
1,<environment.Job instance at 0x14f4eb7b7320>,1,2,[ 2 10],2,2,4,0,2
1,<environment.Job instance at 0x14f4ef5390a0>,2,3,[7 2],4,4,7,0,4
1,<environment.Job instance at 0x14f4ec5d9e60>,1,3,[6 1],3,6,9,3,6
1,<environment.Job instance at 0x14f4f0012e60>,1,2,[ 2 10],2,2,4,0,2
1,<environment.Job instance at 0x14f4f1a5d230>,2,3,[7 2],4,4,7,0,4
1,<environment.Job instance at 0x14f4eb5743c0>,2,1,[1 7],3,9,10,6,9
1,<environment.Job instance at 0x14f4ea78a460>,1,13,[1 5],2,10,23,8,10
1,<environment.Job instance at 0x14f4ebb3b8c0>,1,2,[2 5],4,8,10,4,8
1,<environment.Job instance at 0x14f4eb88d410>,2,3,[9 1],3,11,14,8,11
1,<environment.Job instance at 0x14f4eae130f0>,0,13,[ 2 10],1,1,14,0,1
1,<environment.Job instance at 0x14f4efe26aa0>,1,2,[ 2 10],2,14,16,12,9
1,<environment.Job instance at 0x14f4eb557550>,1,2,[ 2 10],2,2,4,0,2
1,<environment.Job instance at 0x14f4f1973af0>,2,3,[7 2],4,4,7,0,4
1,<environment.Job instance at 0x14f4ed2ad0a0>,1,2,[ 2 10],2,2,4,0,2
1,<environment.Job instance at 0x14f4e9119aa0>,2,3,[7 2],4,4,7,0,4
1,<environment.Job instance at 0x14f4f24673c0>,1,3,[6 1],3,6,9,3,6
1,<environment.Job instance at 0x14f4e9819280>,1,2,[ 2 10],2,2,4,0,2
1,<environment.Job instance at 0x14f4f01f1e60>,2,3,[7 2],4,4,7,0,4
1,<environment.Job instance at 0x14f4edecc1e0>,0,17,[ 1 10],3,3,20,0,3
1,<environment.Job instance at 0x14f4eac746e0>,1,2,[2 5],4,20,22,16,8
1,<environment.Job instance at 0x14f4ea12c5a0>,1,3,[6 1],3,6,9,3,6
1,<environment.Job instance at 0x14f4f186be60>,1,2,[ 2 10],2,2,4,0,2
1,<environment.Job instance at 0x14f4f10b5b40>,2,3,[7 2],4,4,7,0,4
1,<environment.Job instance at 0x14f4ee14fb40>,1,2,[ 2 10],2,2,4,0,2
1,<environment.Job instance at 0x14f4f148fc80>,2,3,[7 2],4,4,7,0,4
1,<environment.Job instance at 0x14f4ea1060a0>,1,2,[2 5],4,23,25,19,23
1,<environment.Job instance at 0x14f4f125ae10>,1,2,[6 1],2,6,8,4,6
1,<environment.Job instance at 0x14f4f057e140>,2,3,[9 1],3,8,11,5,6
1,<environment.Job instance at 0x14f4eeaf2a50>,2,3,[7 2],4,5,8,1,5
1,<environment.Job instance at 0x14f4ede2a050>,1,2,[ 2 10],2,11,13,9,11
1,<environment.Job instance at 0x14f4ed6282d0>,2,1,[1 7],3,3,4,0,3
1,<environment.Job instance at 0x14f4ec63b500>,1,3,[6 1],3,4,7,1,4
1,<environment.Job instance at 0x14f4f0d865a0>,1,2,[2 5],4,23,25,19,23
1,<environment.Job instance at 0x14f4e853f550>,0,2,[1 7],1,5,7,4,5
1,<environment.Job instance at 0x14f4e86d1190>,2,3,[9 1],3,5,8,2,5
1,<environment.Job instance at 0x14f4ef7b8b90>,2,3,[7 2],4,5,8,1,5
1,<environment.Job instance at 0x14f4e8cae5a0>,1,2,[ 2 10],2,11,13,9,11
1,<environment.Job instance at 0x14f4e9e96780>,2,1,[1 7],3,3,4,0,3
1,<environment.Job instance at 0x14f4f0bd92d0>,1,3,[6 1],3,4,7,1,4
1,<environment.Job instance at 0x14f4eed68be0>,1,2,[2 5],4,27,29,23,27
1,<environment.Job instance at 0x14f4f05f4be0>,1,2,[ 2 10],2,4,6,2,4
1,<environment.Job instance at 0x14f4eaca9f00>,0,3,[6 2],1,2,5,1,2
1,<environment.Job instance at 0x14f4eaca9550>,1,13,[1 5],2,2,15,0,2
1,<environment.Job instance at 0x14f4eaca9050>,2,1,[1 7],3,15,16,12,6
1,<environment.Job instance at 0x14f4e9724640>,1,3,[6 1],3,15,18,12,15
1,<environment.Job instance at 0x14f4f2ba5460>,0,2,[1 7],1,5,7,4,5
1,<environment.Job instance at 0x14f4ea0e9cd0>,2,3,[9 1],3,5,8,2,5
1,<environment.Job instance at 0x14f4f2538140>,2,3,[7 2],4,5,8,1,5
1,<environment.Job instance at 0x14f4ee145aa0>,1,2,[ 2 10],2,11,13,9,11
1,<environment.Job instance at 0x14f4ef14b370>,1,2,[2 5],4,23,25,19,23
1,<environment.Job instance at 0x14f4eba76fa0>,2,3,[9 1],3,3,6,0,3
1,<environment.Job instance at 0x14f4e8230730>,0,2,[1 7],1,7,9,6,7
1,<environment.Job instance at 0x14f4ef14b370>,1,2,[ 2 10],2,2,4,0,2
1,<environment.Job instance at 0x14f4f1629140>,2,3,[7 2],4,4,7,0,4
1,<environment.Job instance at 0x14f4ee818a00>,2,3,[9 1],3,13,16,10,13
1,<environment.Job instance at 0x14f4f09877d0>,2,3,[7 2],4,4,7,0,4
1,<environment.Job instance at 0x14f4f1af5870>,1,2,[ 2 10],2,29,31,27,29
1,<environment.Job instance at 0x14f4ef40c7d0>,0,3,[6 2],1,5,8,4,5
1,<environment.Job instance at 0x14f4ef40c8c0>,2,1,[1 7],3,18,19,15,18
1,<environment.Job instance at 0x14f4ee9597d0>,0,17,[1 7],2,2,19,0,2
1,<environment.Job instance at 0x14f4ef9fea50>,0,17,[ 1 10],3,3,20,0,3
1,<environment.Job instance at 0x14f4ef9fe870>,1,2,[2 5],4,20,22,16,8
1,<environment.Job instance at 0x14f4ef744410>,0,2,[1 7],1,1,3,0,1
1,<environment.Job instance at 0x14f4ef744f50>,1,2,[6 1],2,2,4,0,2
1,<environment.Job instance at 0x14f4ef744280>,2,3,[9 1],3,10,13,7,10
1,<environment.Job instance at 0x14f4f0a23b40>,2,3,[7 2],4,4,7,0,4
1,<environment.Job instance at 0x14f4eaea13c0>,0,17,[1 7],2,3,20,1,3
1,<environment.Job instance at 0x14f4eaac9c80>,0,17,[ 1 10],3,3,20,0,3
1,<environment.Job instance at 0x14f4eaac96e0>,1,2,[2 5],4,20,22,16,8
1,<environment.Job instance at 0x14f4ecb66e60>,2,3,[9 1],3,10,13,7,10
1,<environment.Job instance at 0x14f4ef4d0550>,2,3,[7 2],4,4,7,0,4
1,<environment.Job instance at 0x14f4e7c379b0>,1,2,[ 2 10],2,7,9,5,5
1,<environment.Job instance at 0x14f4e8adb4b0>,0,17,[1 7],2,3,20,1,3
1,<environment.Job instance at 0x14f4f264e7d0>,1,3,[6 1],3,54,57,51,54
1,<environment.Job instance at 0x14f4f083e0f0>,0,17,[ 1 10],3,3,20,0,3
1,<environment.Job instance at 0x14f4ee040e60>,1,2,[2 5],4,20,22,16,8
1,<environment.Job instance at 0x14f4e70fd050>,2,3,[9 1],3,10,13,7,10
1,<environment.Job instance at 0x14f4f109f230>,2,3,[7 2],4,4,7,0,4
1,<environment.Job instance at 0x14f4e80527d0>,0,3,[6 2],1,2,5,1,2
1,<environment.Job instance at 0x14f4f0b91500>,0,17,[1 7],2,4,21,2,4
1,<environment.Job instance at 0x14f4f1b447d0>,1,2,[2 5],4,4,6,0,4
1,<environment.Job instance at 0x14f4e97455f0>,2,3,[9 1],3,10,13,7,10
1,<environment.Job instance at 0x14f4f12bdc80>,1,2,[ 2 10],2,3,5,1,3
1,<environment.Job instance at 0x14f4e73033c0>,2,3,[7 2],4,5,8,1,4
1,<environment.Job instance at 0x14f4ef8284b0>,0,17,[ 1 10],3,3,20,0,3
1,<environment.Job instance at 0x14f4f05adc30>,0,2,[1 7],1,1,3,0,1
1,<environment.Job instance at 0x14f4f12da5f0>,1,2,[6 1],2,2,4,0,2
1,<environment.Job instance at 0x14f4e85edaa0>,2,3,[9 1],3,10,13,7,10
1,<environment.Job instance at 0x14f4efe4f0f0>,1,2,[ 2 10],2,3,5,1,3
1,<environment.Job instance at 0x14f4eb42c870>,0,13,[ 2 10],1,5,18,4,3
1,<environment.Job instance at 0x14f4e8ed0050>,2,3,[7 2],4,18,21,14,5
1,<environment.Job instance at 0x14f4e8b04820>,0,3,[6 2],1,2,5,1,2
1,<environment.Job instance at 0x14f4e850fd20>,0,17,[1 7],2,4,21,2,4
1,<environment.Job instance at 0x14f4edc5db40>,1,3,[6 1],3,9,12,6,9
1,<environment.Job instance at 0x14f4ef6e7be0>,0,17,[ 1 10],3,4,21,1,4
1,<environment.Job instance at 0x14f4e8087280>,0,2,[1 7],1,1,3,0,1
1,<environment.Job instance at 0x14f4e8087870>,1,2,[6 1],2,2,4,0,2
1,<environment.Job instance at 0x14f4e91e4820>,2,3,[9 1],3,4,7,1,3
1,<environment.Job instance at 0x14f4ee4900a0>,3,16,[2 7],4,7,23,3,4
1,<environment.Job instance at 0x14f4edb04140>,2,3,[7 2],4,4,7,0,4
1,<environment.Job instance at 0x14f4e7bccf00>,2,1,[1 7],3,4,5,1,4
1,<environment.Job instance at 0x14f4e760a370>,1,3,[6 1],3,10,13,7,10
1,<environment.Job instance at 0x14f4eb347dc0>,0,17,[ 1 10],3,3,20,0,3
1,<environment.Job instance at 0x14f4e91f42d0>,0,2,[1 7],1,1,3,0,1
1,<environment.Job instance at 0x14f4e91f4af0>,1,2,[6 1],2,2,4,0,2
1,<environment.Job instance at 0x14f4f197e050>,2,3,[9 1],3,4,7,1,3
1,<environment.Job instance at 0x14f4eb02a6e0>,3,16,[2 7],4,7,23,3,4
1,<environment.Job instance at 0x14f4efe787d0>,2,3,[7 2],4,4,7,0,4
1,<environment.Job instance at 0x14f4efe78b90>,2,1,[1 7],3,4,5,1,4
1,<environment.Job instance at 0x14f4e93dbcd0>,1,3,[6 1],3,10,13,7,10
1,<environment.Job instance at 0x14f4f0de7be0>,0,17,[ 1 10],3,4,21,1,4
1,<environment.Job instance at 0x14f4ec2dfaa0>,0,2,[1 7],1,1,3,0,1
1,<environment.Job instance at 0x14f4e948f4b0>,1,2,[6 1],2,2,4,0,2
1,<environment.Job instance at 0x14f4ec2dfcd0>,2,3,[9 1],3,10,13,7,10
1,<environment.Job instance at 0x14f4f2cd2e10>,0,13,[ 2 10],1,3,16,2,3
1,<environment.Job instance at 0x14f4e7d169b0>,2,3,[7 2],4,16,19,12,5
1,<environment.Job instance at 0x14f4f1b08eb0>,1,2,[ 2 10],2,19,21,17,6
1,<environment.Job instance at 0x14f4e9d9f9b0>,0,3,[6 2],1,1,4,0,1
1,<environment.Job instance at 0x14f4eede4190>,1,13,[1 5],2,2,15,0,2
1,<environment.Job instance at 0x14f4e6ce6730>,2,1,[1 7],3,15,16,12,3
1,<environment.Job instance at 0x14f4f19795a0>,1,3,[6 1],3,3,6,0,3
1,<environment.Job instance at 0x14f4e3f068c0>,0,17,[1 7],2,3,20,1,3
1,<environment.Job instance at 0x14f4ec3b1fa0>,0,17,[ 1 10],3,4,21,1,4
1,<environment.Job instance at 0x14f4f2e5df50>,0,2,[1 7],1,1,3,0,1
1,<environment.Job instance at 0x14f4e8dfa370>,1,2,[6 1],2,2,4,0,2
1,<environment.Job instance at 0x14f4e8dfadc0>,2,3,[9 1],3,10,13,7,10
1,<environment.Job instance at 0x14f4ef59acd0>,1,2,[ 2 10],2,6,8,4,6
1,<environment.Job instance at 0x14f4e8dfadc0>,2,3,[7 2],4,8,11,4,6
1,<environment.Job instance at 0x14f4efbb4aa0>,0,3,[6 2],1,2,5,1,2
1,<environment.Job instance at 0x14f4e9e5c780>,0,17,[ 1 10],3,4,21,1,4
1,<environment.Job instance at 0x14f4ed3f12d0>,1,2,[2 5],4,21,23,17,19
1,<environment.Job instance at 0x14f4e5f9d0a0>,2,3,[9 1],3,3,6,0,3
1,<environment.Job instance at 0x14f4e7ed3640>,2,3,[7 2],4,4,7,0,4
1,<environment.Job instance at 0x14f4f22b7c80>,0,3,[6 2],1,1,4,0,1
1,<environment.Job instance at 0x14f4ecc91be0>,1,13,[1 5],2,3,16,1,3
1,<environment.Job instance at 0x14f4eccd9eb0>,1,3,[6 1],3,3,6,0,3
1,<environment.Job instance at 0x14f4ecc91dc0>,0,17,[1 7],2,4,21,2,4
1,<environment.Job instance at 0x14f4ec423730>,1,2,[6 1],2,9,11,7,9
1,<environment.Job instance at 0x14f4e79babe0>,2,3,[9 1],3,11,14,8,10
1,<environment.Job instance at 0x14f4ea5010f0>,1,2,[ 2 10],2,6,8,4,6
1,<environment.Job instance at 0x14f4ec902460>,2,3,[7 2],4,8,11,4,6
1,<environment.Job instance at 0x14f4e7921fa0>,1,13,[1 5],2,3,16,1,3
1,<environment.Job instance at 0x14f4e8f4dd20>,1,2,[ 2 10],2,3,5,1,3
1,<environment.Job instance at 0x14f4e8f64f50>,2,3,[7 2],4,5,8,1,4
1,<environment.Job instance at 0x14f4e76d68c0>,2,1,[1 7],3,8,9,5,8
1,<environment.Job instance at 0x14f4eff724b0>,2,3,[9 1],3,9,12,6,9
1,<environment.Job instance at 0x14f4e9d21c30>,0,13,[ 2 10],1,1,14,0,1
1,<environment.Job instance at 0x14f4e9d21c80>,1,2,[ 2 10],2,14,16,12,2
1,<environment.Job instance at 0x14f4e9d21be0>,2,3,[7 2],4,16,19,12,4
1,<environment.Job instance at 0x14f4f2721aa0>,2,1,[1 7],3,4,5,1,4
1,<environment.Job instance at 0x14f4e7ddafa0>,0,2,[1 7],1,1,3,0,1
1,<environment.Job instance at 0x14f4e7dda0a0>,1,2,[6 1],2,2,4,0,2
1,<environment.Job instance at 0x14f4e4693550>,2,3,[9 1],3,4,7,1,3
1,<environment.Job instance at 0x14f4e9132370>,3,16,[2 7],4,7,23,3,4
1,<environment.Job instance at 0x14f4eb45b4b0>,0,13,[ 2 10],1,1,14,0,1
1,<environment.Job instance at 0x14f4eb45b0a0>,1,2,[ 2 10],2,14,16,12,2
1,<environment.Job instance at 0x14f4eb45be10>,2,3,[7 2],4,16,19,12,4
1,<environment.Job instance at 0x14f4e65720a0>,2,1,[1 7],3,4,5,1,4
1,<environment.Job instance at 0x14f4ecff3e60>,1,3,[6 1],3,30,33,27,30
1,<environment.Job instance at 0x14f4e84c3f00>,0,17,[ 1 10],3,3,20,0,3
1,<environment.Job instance at 0x14f4e42a28c0>,1,2,[2 5],4,20,22,16,5
1,<environment.Job instance at 0x14f4eb0348c0>,0,2,[1 7],1,1,3,0,1
1,<environment.Job instance at 0x14f4e8281be0>,1,2,[6 1],2,2,4,0,2
1,<environment.Job instance at 0x14f4e8281f50>,2,3,[9 1],3,4,7,1,3
1,<environment.Job instance at 0x14f4eea786e0>,3,16,[2 7],4,7,23,3,4
1,<environment.Job instance at 0x14f4e990dfa0>,0,13,[ 2 10],1,1,14,0,1
1,<environment.Job instance at 0x14f4eac7f7d0>,1,2,[ 2 10],2,14,16,12,2
1,<environment.Job instance at 0x14f4e871f910>,2,3,[7 2],4,16,19,12,4
1,<environment.Job instance at 0x14f4e8067cd0>,2,1,[1 7],3,4,5,1,4
1,<environment.Job instance at 0x14f4e4377f00>,1,3,[6 1],3,38,41,35,38
1,<environment.Job instance at 0x14f4e7018f00>,0,17,[ 1 10],3,3,20,0,3
1,<environment.Job instance at 0x14f4f2a18b40>,1,2,[2 5],4,20,22,16,4
1,<environment.Job instance at 0x14f4e84a8690>,0,2,[1 7],1,1,3,0,1
1,<environment.Job instance at 0x14f4e84a8780>,1,2,[6 1],2,2,4,0,2
1,<environment.Job instance at 0x14f4f18b8550>,2,3,[9 1],3,4,7,1,3
1,<environment.Job instance at 0x14f4e6badc30>,3,16,[2 7],4,7,23,3,4
1,<environment.Job instance at 0x14f4eb18f690>,0,13,[ 2 10],1,1,14,0,1
1,<environment.Job instance at 0x14f4e47c3320>,1,2,[ 2 10],2,14,16,12,2
1,<environment.Job instance at 0x14f4eb18fc80>,2,3,[7 2],4,16,19,12,4
1,<environment.Job instance at 0x14f4e866c7d0>,0,3,[6 2],1,2,5,1,2
1,<environment.Job instance at 0x14f4f01870a0>,2,1,[1 7],3,4,5,1,4
1,<environment.Job instance at 0x14f4f0ad10a0>,1,3,[6 1],3,3,6,0,3
1,<environment.Job instance at 0x14f4e46c9910>,0,17,[ 1 10],3,3,20,0,3
1,<environment.Job instance at 0x14f4e8525640>,1,2,[2 5],4,20,22,16,4
1,<environment.Job instance at 0x14f4ea126460>,0,2,[1 7],1,1,3,0,1
1,<environment.Job instance at 0x14f4e4391a00>,1,2,[6 1],2,2,4,0,2
1,<environment.Job instance at 0x14f4ea126a50>,2,3,[9 1],3,4,7,1,3
1,<environment.Job instance at 0x14f4e8544f00>,3,16,[2 7],4,7,23,3,4
1,<environment.Job instance at 0x14f4e64d08c0>,0,13,[ 2 10],1,1,14,0,1
1,<environment.Job instance at 0x14f4e64d0c30>,1,2,[ 2 10],2,14,16,12,2
1,<environment.Job instance at 0x14f4ecf92910>,2,3,[7 2],4,16,19,12,4
1,<environment.Job instance at 0x14f4e64d0320>,2,1,[1 7],3,4,5,1,4
1,<environment.Job instance at 0x14f4edba3280>,1,3,[6 1],3,38,41,35,38
1,<environment.Job instance at 0x14f4e43e47d0>,0,17,[ 1 10],3,3,20,0,3
1,<environment.Job instance at 0x14f4e43e4b90>,1,2,[2 5],4,20,22,16,4
1,<environment.Job instance at 0x14f4ef5d11e0>,0,2,[1 7],1,1,3,0,1
1,<environment.Job instance at 0x14f4ebde1f50>,1,2,[6 1],2,2,4,0,2
1,<environment.Job instance at 0x14f4ebde19b0>,2,3,[9 1],3,4,7,1,3
1,<environment.Job instance at 0x14f4e3f469b0>,3,16,[2 7],4,7,23,3,4
1,<environment.Job instance at 0x14f4eb1a2c80>,0,13,[ 2 10],1,1,14,0,1
1,<environment.Job instance at 0x14f4e3f46be0>,1,2,[ 2 10],2,14,16,12,2
1,<environment.Job instance at 0x14f4f0c67780>,2,3,[7 2],4,16,19,12,4
1,<environment.Job instance at 0x14f4e7d038c0>,0,3,[6 2],1,2,5,1,2
1,<environment.Job instance at 0x14f4ed8ddfa0>,2,1,[1 7],3,4,5,1,4
1,<environment.Job instance at 0x14f4e90dadc0>,1,3,[6 1],3,3,6,0,3
1,<environment.Job instance at 0x14f4f26673c0>,0,17,[ 1 10],3,3,20,0,3
1,<environment.Job instance at 0x14f4f26678c0>,1,2,[2 5],4,20,22,16,4
1,<environment.Job instance at 0x14f4e6b52a00>,0,2,[1 7],1,1,3,0,1
1,<environment.Job instance at 0x14f4ed22a1e0>,1,2,[6 1],2,2,4,0,2
1,<environment.Job instance at 0x14f4f2bab8c0>,2,3,[9 1],3,4,7,1,3
1,<environment.Job instance at 0x14f4eb4acd20>,3,16,[2 7],4,7,23,3,4
1,<environment.Job instance at 0x14f4ef9c60f0>,0,13,[ 2 10],1,1,14,0,1
1,<environment.Job instance at 0x14f4f2a8c960>,1,2,[ 2 10],2,14,16,12,2
1,<environment.Job instance at 0x14f4f3c9fe10>,2,3,[7 2],4,16,19,12,4
1,<environment.Job instance at 0x14f4eb8389b0>,0,3,[6 2],1,2,5,1,2
1,<environment.Job instance at 0x14f4f037ec30>,2,1,[1 7],3,4,5,1,4
1,<environment.Job instance at 0x14f4e8375d70>,1,3,[6 1],3,3,6,0,3
1,<environment.Job instance at 0x14f4e4e409b0>,0,17,[ 1 10],3,3,20,0,3
1,<environment.Job instance at 0x14f4e6888b90>,1,2,[2 5],4,20,22,16,4
1,<environment.Job instance at 0x14f4e7ac2910>,0,2,[1 7],1,1,3,0,1
1,<environment.Job instance at 0x14f4ecc33460>,1,2,[6 1],2,2,4,0,2
1,<environment.Job instance at 0x14f4e7ac2410>,2,3,[9 1],3,4,7,1,3
1,<environment.Job instance at 0x14f4f0d8e3c0>,3,16,[2 7],4,7,23,3,4
1,<environment.Job instance at 0x14f4f1293fa0>,0,13,[ 2 10],1,1,14,0,1
1,<environment.Job instance at 0x14f4f12932d0>,1,2,[ 2 10],2,14,16,12,2
1,<environment.Job instance at 0x14f4e4dde460>,2,3,[7 2],4,16,19,12,4
1,<environment.Job instance at 0x14f4ef828b90>,0,3,[6 2],1,2,5,1,2
1,<environment.Job instance at 0x14f4ece4c460>,2,1,[1 7],3,4,5,1,4
1,<environment.Job instance at 0x14f4e3d4d370>,1,3,[6 1],3,3,6,0,3
1,<environment.Job instance at 0x14f4e5adb960>,1,2,[2 5],4,4,6,0,4
1,<environment.Job instance at 0x14f4e53d0aa0>,0,2,[1 7],1,1,3,0,1
1,<environment.Job instance at 0x14f4e53d0280>,1,2,[6 1],2,2,4,0,2
1,<environment.Job instance at 0x14f4eb7114b0>,2,3,[9 1],3,4,7,1,3
1,<environment.Job instance at 0x14f4e53d07d0>,3,16,[2 7],4,7,23,3,5
1,<environment.Job instance at 0x14f4eab7e780>,0,13,[ 2 10],1,1,14,0,1
1,<environment.Job instance at 0x14f4e53d0460>,1,2,[ 2 10],2,14,16,12,2
1,<environment.Job instance at 0x14f4e5f9f7d0>,2,3,[7 2],4,16,19,12,4
1,<environment.Job instance at 0x14f4ecd641e0>,0,3,[6 2],1,2,5,1,2
1,<environment.Job instance at 0x14f4ecd64190>,2,1,[1 7],3,4,5,1,4
1,<environment.Job instance at 0x14f4e6e2c140>,1,3,[6 1],3,3,6,0,3
1,<environment.Job instance at 0x14f4e5e6b690>,1,2,[2 5],4,4,6,0,4
1,<environment.Job instance at 0x14f4e5f94730>,0,2,[1 7],1,1,3,0,1
1,<environment.Job instance at 0x14f4ef500410>,1,2,[6 1],2,2,4,0,2
1,<environment.Job instance at 0x14f4e5f47640>,2,3,[9 1],3,4,7,1,3
1,<environment.Job instance at 0x14f4ed56e550>,3,16,[2 7],4,7,23,3,5
1,<environment.Job instance at 0x14f4f136d4b0>,0,13,[ 2 10],1,1,14,0,1
1,<environment.Job instance at 0x14f4e4f1a690>,1,2,[ 2 10],2,14,16,12,2
1,<environment.Job instance at 0x14f4e193c320>,2,3,[7 2],4,16,19,12,4
1,<environment.Job instance at 0x14f4e594eb90>,0,3,[6 2],1,2,5,1,2
1,<environment.Job instance at 0x14f4e193cbe0>,2,1,[1 7],3,4,5,1,4
1,<environment.Job instance at 0x14f4f1db7640>,1,3,[6 1],3,3,6,0,3
1,<environment.Job instance at 0x14f4e3e13b40>,0,17,[ 1 10],3,3,20,0,3
1,<environment.Job instance at 0x14f4e3e13870>,1,2,[2 5],4,20,22,16,4
1,<environment.Job instance at 0x14f4e8d15730>,0,2,[1 7],1,1,3,0,1
1,<environment.Job instance at 0x14f4e8d15690>,1,2,[6 1],2,2,4,0,2
1,<environment.Job instance at 0x14f4e8d15780>,2,3,[9 1],3,4,7,1,3
1,<environment.Job instance at 0x14f4e5457870>,3,16,[2 7],4,7,23,3,4
1,<environment.Job instance at 0x14f4e9734640>,0,13,[ 2 10],1,1,14,0,1
1,<environment.Job instance at 0x14f4e9734a00>,1,2,[ 2 10],2,14,16,12,2
1,<environment.Job instance at 0x14f4ebdd9050>,2,3,[7 2],4,16,19,12,4
1,<environment.Job instance at 0x14f4e9bd0320>,0,3,[6 2],1,2,5,1,2
1,<environment.Job instance at 0x14f4f085d5a0>,1,3,[6 1],3,3,6,0,3
1,<environment.Job instance at 0x14f4ec3800f0>,0,17,[ 1 10],3,3,20,0,3
1,<environment.Job instance at 0x14f4f1d3d230>,1,2,[2 5],4,20,22,16,4
1,<environment.Job instance at 0x14f4e850e460>,0,2,[1 7],1,1,3,0,1
1,<environment.Job instance at 0x14f4e850e820>,1,2,[6 1],2,2,4,0,2
1,<environment.Job instance at 0x14f4ef3a4dc0>,2,3,[9 1],3,4,7,1,3
1,<environment.Job instance at 0x14f4e8908e60>,3,16,[2 7],4,7,23,3,4
1,<environment.Job instance at 0x14f4eb525050>,0,13,[ 2 10],1,1,14,0,1
1,<environment.Job instance at 0x14f4e74d40a0>,1,2,[ 2 10],2,14,16,12,2
1,<environment.Job instance at 0x14f4f1a502d0>,2,3,[7 2],4,16,19,12,4
1,<environment.Job instance at 0x14f4e57e4e10>,0,3,[6 2],1,2,5,1,2
1,<environment.Job instance at 0x14f4e6734b40>,2,1,[1 7],3,3,4,0,3
1,<environment.Job instance at 0x14f4e50dbaa0>,1,3,[6 1],3,3,6,0,3
1,<environment.Job instance at 0x14f4ede718c0>,0,17,[ 1 10],3,3,20,0,3
1,<environment.Job instance at 0x14f4e8460140>,1,2,[2 5],4,20,22,16,4
1,<environment.Job instance at 0x14f4e611efa0>,0,2,[1 7],1,1,3,0,1
1,<environment.Job instance at 0x14f4e4424780>,1,2,[6 1],2,2,4,0,2
1,<environment.Job instance at 0x14f4e7c9d870>,2,3,[9 1],3,4,7,1,3
1,<environment.Job instance at 0x14f4eb7435a0>,3,16,[2 7],4,7,23,3,4
1,<environment.Job instance at 0x14f4e7ed33c0>,0,13,[ 2 10],1,1,14,0,1
1,<environment.Job instance at 0x14f4e4ceb910>,1,2,[ 2 10],2,14,16,12,2
1,<environment.Job instance at 0x14f4edd27230>,2,3,[7 2],4,16,19,12,4
1,<environment.Job instance at 0x14f4e5199dc0>,0,3,[6 2],1,1,4,0,1
1,<environment.Job instance at 0x14f4eab0c5f0>,2,1,[1 7],3,3,4,0,3
1,<environment.Job instance at 0x14f4f0b5aaa0>,0,17,[1 7],2,2,19,0,2
1,<environment.Job instance at 0x14f4e4877640>,1,3,[6 1],3,3,6,0,3
1,<environment.Job instance at 0x14f4e5082aa0>,0,17,[ 1 10],3,3,20,0,3
1,<environment.Job instance at 0x14f4e69d7c30>,1,2,[2 5],4,20,22,16,4
1,<environment.Job instance at 0x14f4eef6f280>,0,2,[1 7],1,1,3,0,1
1,<environment.Job instance at 0x14f4f19af3c0>,1,2,[6 1],2,2,4,0,2
1,<environment.Job instance at 0x14f4f1d8bb90>,2,3,[9 1],3,4,7,1,3
1,<environment.Job instance at 0x14f4f1d8be60>,3,16,[2 7],4,7,23,3,4
1,<environment.Job instance at 0x14f4e6cb6460>,0,13,[ 2 10],1,1,14,0,1
1,<environment.Job instance at 0x14f4f170d370>,1,2,[ 2 10],2,14,16,12,2
1,<environment.Job instance at 0x14f4e6cb6aa0>,2,3,[7 2],4,16,19,12,4
1,<environment.Job instance at 0x14f4e78bcf00>,0,3,[6 2],1,1,4,0,1
1,<environment.Job instance at 0x14f4e78bc550>,2,1,[1 7],3,3,4,0,3
1,<environment.Job instance at 0x14f4e5195d70>,0,17,[1 7],2,2,19,0,2
1,<environment.Job instance at 0x14f4e5195cd0>,1,3,[6 1],3,3,6,0,3
1,<environment.Job instance at 0x14f4e5d71960>,0,17,[ 1 10],3,3,20,0,3
1,<environment.Job instance at 0x14f4e5d717d0>,1,2,[2 5],4,20,22,16,4
1,<environment.Job instance at 0x14f4e8912be0>,0,2,[1 7],1,1,3,0,1
1,<environment.Job instance at 0x14f4e56d6b40>,1,2,[6 1],2,2,4,0,2
1,<environment.Job instance at 0x14f4f10e3230>,2,3,[9 1],3,4,7,1,3
1,<environment.Job instance at 0x14f4e5f27fa0>,3,16,[2 7],4,7,23,3,4
1,<environment.Job instance at 0x14f4e5ed2fa0>,0,13,[ 2 10],1,1,14,0,1
1,<environment.Job instance at 0x14f4e9bef0f0>,1,2,[ 2 10],2,14,16,12,2
1,<environment.Job instance at 0x14f4e5ed2190>,2,3,[7 2],4,16,19,12,4
1,<environment.Job instance at 0x14f4ee1df820>,0,3,[6 2],1,1,4,0,1
1,<environment.Job instance at 0x14f4e4134a50>,2,1,[1 7],3,3,4,0,3
1,<environment.Job instance at 0x14f4e8da5f00>,0,17,[1 7],2,2,19,0,2
1,<environment.Job instance at 0x14f4eea45d70>,1,3,[6 1],3,3,6,0,3
1,<environment.Job instance at 0x14f4e5ad0410>,0,17,[ 1 10],3,3,20,0,3
1,<environment.Job instance at 0x14f4ec8366e0>,1,2,[2 5],4,20,22,16,4
1,<environment.Job instance at 0x14f4e98dc1e0>,0,2,[1 7],1,1,3,0,1
1,<environment.Job instance at 0x14f4e98dc640>,1,2,[6 1],2,2,4,0,2
1,<environment.Job instance at 0x14f4e98dca50>,2,3,[9 1],3,4,7,1,3
1,<environment.Job instance at 0x14f4e614c2d0>,3,16,[2 7],4,7,23,3,4
1,<environment.Job instance at 0x14f4eb332730>,0,13,[ 2 10],1,1,14,0,1
1,<environment.Job instance at 0x14f4eb332320>,1,2,[ 2 10],2,14,16,12,2
1,<environment.Job instance at 0x14f4e911cd20>,2,3,[7 2],4,16,19,12,4
1,<environment.Job instance at 0x14f4e56d60f0>,0,3,[6 2],1,1,4,0,1
1,<environment.Job instance at 0x14f4e56d6c80>,2,1,[1 7],3,3,4,0,3
1,<environment.Job instance at 0x14f4e71865a0>,0,17,[1 7],2,2,19,0,2
1,<environment.Job instance at 0x14f4e3fb9dc0>,1,3,[6 1],3,3,6,0,3
1,<environment.Job instance at 0x14f4e31c4b40>,0,17,[ 1 10],3,3,20,0,3
1,<environment.Job instance at 0x14f4e31c4d20>,1,2,[2 5],4,20,22,16,4
1,<environment.Job instance at 0x14f4ef2fb140>,0,2,[1 7],1,1,3,0,1
1,<environment.Job instance at 0x14f4e560e230>,1,2,[6 1],2,2,4,0,2
1,<environment.Job instance at 0x14f4f24fa7d0>,2,3,[9 1],3,4,7,1,3
1,<environment.Job instance at 0x14f4ef2fb7d0>,3,16,[2 7],4,7,23,3,4
1,<environment.Job instance at 0x14f4e353e500>,0,13,[ 2 10],1,1,14,0,1
1,<environment.Job instance at 0x14f4e353e820>,1,2,[ 2 10],2,14,16,12,2
1,<environment.Job instance at 0x14f4e353ec30>,2,3,[7 2],4,16,19,12,4
1,<environment.Job instance at 0x14f4e9991f50>,0,3,[6 2],1,1,4,0,1
1,<environment.Job instance at 0x14f4ebded8c0>,2,1,[1 7],3,3,4,0,3
1,<environment.Job instance at 0x14f4e9991aa0>,0,17,[1 7],2,2,19,0,2
1,<environment.Job instance at 0x14f4e3a99e60>,1,3,[6 1],3,3,6,0,3
1,<environment.Job instance at 0x14f4e18e1d70>,0,17,[ 1 10],3,3,20,0,3
1,<environment.Job instance at 0x14f4e18e1a00>,1,2,[2 5],4,20,22,16,4
1,<environment.Job instance at 0x14f4e40c00a0>,0,2,[1 7],1,1,3,0,1
1,<environment.Job instance at 0x14f4e40c09b0>,1,2,[6 1],2,2,4,0,2
1,<environment.Job instance at 0x14f4e3dba0a0>,2,3,[9 1],3,4,7,1,3
1,<environment.Job instance at 0x14f4e36cf230>,3,16,[2 7],4,7,23,3,4
1,<environment.Job instance at 0x14f4e6724870>,0,13,[ 2 10],1,1,14,0,1
1,<environment.Job instance at 0x14f4e6724c80>,1,2,[ 2 10],2,14,16,12,2
1,<environment.Job instance at 0x14f4e6724fa0>,2,3,[7 2],4,16,19,12,4
1,<environment.Job instance at 0x14f4ea72d2d0>,0,3,[6 2],1,3,6,2,3
1,<environment.Job instance at 0x14f4ef40a050>,0,17,[1 7],2,3,20,1,3
1,<environment.Job instance at 0x14f4edf88fa0>,1,3,[6 1],3,12,15,9,12
1,<environment.Job instance at 0x14f4eab5ba00>,0,17,[ 1 10],3,3,20,0,3
1,<environment.Job instance at 0x14f4f1d480f0>,1,2,[2 5],4,20,22,16,4
1,<environment.Job instance at 0x14f4e51cb0a0>,0,2,[1 7],1,1,3,0,1
1,<environment.Job instance at 0x14f4e5614960>,1,2,[6 1],2,2,4,0,2
1,<environment.Job instance at 0x14f4f1d16050>,2,3,[9 1],3,4,7,1,3
1,<environment.Job instance at 0x14f4eb5075f0>,3,16,[2 7],4,7,23,3,4
1,<environment.Job instance at 0x14f4e3895870>,0,13,[ 2 10],1,1,14,0,1
1,<environment.Job instance at 0x14f4ef982960>,1,2,[ 2 10],2,14,16,12,2
1,<environment.Job instance at 0x14f4e576d280>,2,3,[7 2],4,16,19,12,4
1,<environment.Job instance at 0x14f4e534de10>,0,3,[6 2],1,1,4,0,1
1,<environment.Job instance at 0x14f4e534d3c0>,2,1,[1 7],3,3,4,0,3
1,<environment.Job instance at 0x14f4e5037870>,0,17,[1 7],2,2,19,0,2
1,<environment.Job instance at 0x14f4edc2a5a0>,1,3,[6 1],3,3,6,0,3
1,<environment.Job instance at 0x14f4e7bc0af0>,0,17,[ 1 10],3,3,20,0,3
1,<environment.Job instance at 0x14f4e7bc0be0>,1,2,[2 5],4,20,22,16,4
1,<environment.Job instance at 0x14f4ec161780>,0,2,[1 7],1,1,3,0,1
1,<environment.Job instance at 0x14f4ec161690>,1,2,[6 1],2,2,4,0,2
1,<environment.Job instance at 0x14f4ec161eb0>,2,3,[9 1],3,4,7,1,3
1,<environment.Job instance at 0x14f4efd45410>,3,16,[2 7],4,7,23,3,4
1,<environment.Job instance at 0x14f4f0d9b5f0>,0,13,[ 2 10],1,1,14,0,1
1,<environment.Job instance at 0x14f4f333b5a0>,1,2,[ 2 10],2,14,16,12,2
1,<environment.Job instance at 0x14f4e6bf5be0>,2,3,[7 2],4,16,19,12,4
1,<environment.Job instance at 0x14f4e370faa0>,0,3,[6 2],1,1,4,0,1
1,<environment.Job instance at 0x14f4e6bf5dc0>,2,1,[1 7],3,3,4,0,3
1,<environment.Job instance at 0x14f4ee081910>,0,17,[1 7],2,2,19,0,2
1,<environment.Job instance at 0x14f4e36267d0>,1,3,[6 1],3,3,6,0,3
1,<environment.Job instance at 0x14f4e5eb7050>,0,17,[ 1 10],3,3,20,0,3
1,<environment.Job instance at 0x14f4e25f14b0>,1,2,[2 5],4,20,22,16,4
1,<environment.Job instance at 0x14f4e68329b0>,0,2,[1 7],1,1,3,0,1
1,<environment.Job instance at 0x14f4f02a92d0>,1,2,[6 1],2,2,4,0,2
1,<environment.Job instance at 0x14f4e4f33a00>,2,3,[9 1],3,4,7,1,3
1,<environment.Job instance at 0x14f4e4dde320>,3,16,[2 7],4,7,23,3,4
1,<environment.Job instance at 0x14f4e9cad370>,0,13,[ 2 10],1,1,14,0,1
1,<environment.Job instance at 0x14f4e43cbcd0>,1,2,[ 2 10],2,14,16,12,2
1,<environment.Job instance at 0x14f4e327ad70>,2,3,[7 2],4,16,19,12,4
1,<environment.Job instance at 0x14f4e3e69a00>,0,3,[6 2],1,2,5,1,2
1,<environment.Job instance at 0x14f4f25284b0>,2,1,[1 7],3,3,4,0,3
1,<environment.Job instance at 0x14f4e42a2cd0>,1,3,[6 1],3,3,6,0,3
1,<environment.Job instance at 0x14f4e1921e10>,0,17,[ 1 10],3,3,20,0,3
1,<environment.Job instance at 0x14f4e67f39b0>,1,2,[2 5],4,20,22,16,4
1,<environment.Job instance at 0x14f4e41a7460>,0,2,[1 7],1,1,3,0,1
1,<environment.Job instance at 0x14f4edde4d70>,1,2,[6 1],2,2,4,0,2
1,<environment.Job instance at 0x14f4e5b73b90>,2,3,[9 1],3,4,7,1,3
1,<environment.Job instance at 0x14f4ef0787d0>,3,16,[2 7],4,7,23,3,4
1,<environment.Job instance at 0x14f4ed1f4640>,0,13,[ 2 10],1,1,14,0,1
1,<environment.Job instance at 0x14f4eae7e370>,1,2,[ 2 10],2,14,16,12,2
1,<environment.Job instance at 0x14f4e5b73460>,2,3,[7 2],4,16,19,12,4
1,<environment.Job instance at 0x14f4f2afbbe0>,0,3,[6 2],1,2,5,1,2
1,<environment.Job instance at 0x14f4f2afb9b0>,2,1,[1 7],3,3,4,0,3
1,<environment.Job instance at 0x14f4eb4d5af0>,1,3,[6 1],3,3,6,0,3
1,<environment.Job instance at 0x14f4e6bc9d70>,0,17,[ 1 10],3,3,20,0,3
1,<environment.Job instance at 0x14f4e6bc9780>,1,2,[2 5],4,20,22,16,4
1,<environment.Job instance at 0x14f4e71b71e0>,0,2,[1 7],1,1,3,0,1
1,<environment.Job instance at 0x14f4eae27820>,1,2,[6 1],2,2,4,0,2
1,<environment.Job instance at 0x14f4e508d7d0>,2,3,[9 1],3,4,7,1,3
1,<environment.Job instance at 0x14f4e74c9280>,3,16,[2 7],4,7,23,3,4
1,<environment.Job instance at 0x14f4e5d89730>,0,13,[ 2 10],1,1,14,0,1
1,<environment.Job instance at 0x14f4e508daa0>,1,2,[ 2 10],2,14,16,12,2
1,<environment.Job instance at 0x14f4e5d89050>,2,3,[7 2],4,16,19,12,4
1,<environment.Job instance at 0x14f4f1f51960>,0,3,[6 2],1,1,4,0,1
1,<environment.Job instance at 0x14f4e8af1410>,2,1,[1 7],3,4,5,1,4
1,<environment.Job instance at 0x14f4e49199b0>,0,17,[1 7],2,2,19,0,2
1,<environment.Job instance at 0x14f4e26f4d70>,1,3,[6 1],3,3,6,0,3
1,<environment.Job instance at 0x14f4ea93b5f0>,0,17,[ 1 10],3,3,20,0,3
1,<environment.Job instance at 0x14f4ec64fbe0>,1,2,[2 5],4,20,22,16,4
1,<environment.Job instance at 0x14f4eaa3e140>,0,2,[1 7],1,1,3,0,1
1,<environment.Job instance at 0x14f4eaa3e8c0>,1,2,[6 1],2,2,4,0,2
1,<environment.Job instance at 0x14f4eaa3ed20>,2,3,[9 1],3,4,7,1,3
1,<environment.Job instance at 0x14f4ed4c8730>,3,16,[2 7],4,7,23,3,4
1,<environment.Job instance at 0x14f4e9d31370>,0,13,[ 2 10],1,1,14,0,1
1,<environment.Job instance at 0x14f4ecd094b0>,1,2,[ 2 10],2,14,16,12,2
1,<environment.Job instance at 0x14f4e56bcb40>,2,3,[7 2],4,16,19,12,4
1,<environment.Job instance at 0x14f4e592d820>,0,3,[6 2],1,1,4,0,1
1,<environment.Job instance at 0x14f4e592d050>,2,1,[1 7],3,3,4,0,3
1,<environment.Job instance at 0x14f4e6006eb0>,0,17,[1 7],2,2,19,0,2
1,<environment.Job instance at 0x14f4e592dbe0>,1,3,[6 1],3,3,6,0,3
1,<environment.Job instance at 0x14f4f1834d70>,0,17,[ 1 10],3,3,20,0,3
1,<environment.Job instance at 0x14f4e27896e0>,1,2,[2 5],4,20,22,16,4
1,<environment.Job instance at 0x14f4f14cbbe0>,0,2,[1 7],1,1,3,0,1
1,<environment.Job instance at 0x14f4ec75b9b0>,1,2,[6 1],2,2,4,0,2
1,<environment.Job instance at 0x14f4ebeac690>,2,3,[9 1],3,4,7,1,3
1,<environment.Job instance at 0x14f4e7c11eb0>,3,16,[2 7],4,7,23,3,4
1,<environment.Job instance at 0x14f4e7c116e0>,0,13,[ 2 10],1,1,14,0,1
1,<environment.Job instance at 0x14f4e43b8f50>,1,2,[ 2 10],2,14,16,12,2
1,<environment.Job instance at 0x14f4e7c115a0>,2,3,[7 2],4,16,19,12,4
1,<environment.Job instance at 0x14f4e5427c80>,0,3,[6 2],1,1,4,0,1
1,<environment.Job instance at 0x14f4eb9179b0>,2,1,[1 7],3,3,4,0,3
1,<environment.Job instance at 0x14f4e7359500>,0,17,[1 7],2,2,19,0,2
1,<environment.Job instance at 0x14f4e3dfceb0>,1,3,[6 1],3,3,6,0,3
1,<environment.Job instance at 0x14f4ebe3b140>,0,17,[ 1 10],3,3,20,0,3
1,<environment.Job instance at 0x14f4ebe3b5a0>,1,2,[2 5],4,20,22,16,4
1,<environment.Job instance at 0x14f4eab96a00>,0,2,[1 7],1,1,3,0,1
1,<environment.Job instance at 0x14f4e5d81730>,1,2,[6 1],2,2,4,0,2
1,<environment.Job instance at 0x14f4eab96280>,2,3,[9 1],3,4,7,1,3
1,<environment.Job instance at 0x14f4e5fe0190>,3,16,[2 7],4,7,23,3,4
1,<environment.Job instance at 0x14f4eca97be0>,0,13,[ 2 10],1,1,14,0,1
1,<environment.Job instance at 0x14f4eca97820>,1,2,[ 2 10],2,14,16,12,2
1,<environment.Job instance at 0x14f4e72cc0a0>,2,3,[7 2],4,16,19,12,4
1,<environment.Job instance at 0x14f4f0ad4af0>,0,3,[6 2],1,1,4,0,1
1,<environment.Job instance at 0x14f4ea8aaaf0>,2,1,[1 7],3,3,4,0,3
1,<environment.Job instance at 0x14f4ea8aa050>,0,17,[1 7],2,2,19,0,2
1,<environment.Job instance at 0x14f4e615aeb0>,1,3,[6 1],3,3,6,0,3
1,<environment.Job instance at 0x14f4ebf11e10>,0,17,[ 1 10],3,3,20,0,3
1,<environment.Job instance at 0x14f4f0e031e0>,1,2,[2 5],4,20,22,16,4
1,<environment.Job instance at 0x14f4ed5014b0>,0,2,[1 7],1,1,3,0,1
1,<environment.Job instance at 0x14f4e1fe9e10>,1,2,[6 1],2,2,4,0,2
1,<environment.Job instance at 0x14f4ed501eb0>,2,3,[9 1],3,4,7,1,3
1,<environment.Job instance at 0x14f4e65115f0>,3,16,[2 7],4,7,23,3,4
1,<environment.Job instance at 0x14f4e70b74b0>,0,13,[ 2 10],1,1,14,0,1
1,<environment.Job instance at 0x14f4e70b7460>,1,2,[ 2 10],2,14,16,12,2
1,<environment.Job instance at 0x14f4e70b75a0>,2,3,[7 2],4,16,19,12,4
1,<environment.Job instance at 0x14f4e9e000a0>,0,3,[6 2],1,1,4,0,1
1,<environment.Job instance at 0x14f4ecd335a0>,2,1,[1 7],3,4,5,1,4
1,<environment.Job instance at 0x14f4e52e2960>,0,17,[1 7],2,2,19,0,2
1,<environment.Job instance at 0x14f4e371d2d0>,1,3,[6 1],3,3,6,0,3
1,<environment.Job instance at 0x14f4f1133960>,0,17,[ 1 10],3,3,20,0,3
1,<environment.Job instance at 0x14f4ececfbe0>,1,2,[2 5],4,20,22,16,4
1,<environment.Job instance at 0x14f4e455e1e0>,0,2,[1 7],1,1,3,0,1
1,<environment.Job instance at 0x14f4e6b9feb0>,1,2,[6 1],2,2,4,0,2
1,<environment.Job instance at 0x14f4e455ec80>,2,3,[9 1],3,4,7,1,3
1,<environment.Job instance at 0x14f4e5a76140>,3,16,[2 7],4,7,23,3,4
1,<environment.Job instance at 0x14f4e367ce60>,0,13,[ 2 10],1,1,14,0,1
1,<environment.Job instance at 0x14f4e367c410>,1,2,[ 2 10],2,14,16,12,2
1,<environment.Job instance at 0x14f4ea62aa00>,2,3,[7 2],4,16,19,12,4
1,<environment.Job instance at 0x14f4e878de60>,0,3,[6 2],1,1,4,0,1
1,<environment.Job instance at 0x14f4f1267870>,2,1,[1 7],3,3,4,0,3
1,<environment.Job instance at 0x14f4e878d050>,0,17,[1 7],2,2,19,0,2
1,<environment.Job instance at 0x14f4e86aa460>,1,3,[6 1],3,3,6,0,3
1,<environment.Job instance at 0x14f4e963d820>,0,17,[ 1 10],3,3,20,0,3
1,<environment.Job instance at 0x14f4f2486050>,1,2,[2 5],4,20,22,16,4
1,<environment.Job instance at 0x14f4e924e050>,0,2,[1 7],1,1,3,0,1
1,<environment.Job instance at 0x14f4f10a15f0>,1,2,[6 1],2,2,4,0,2
1,<environment.Job instance at 0x14f4f0827d20>,2,3,[9 1],3,4,7,1,3
1,<environment.Job instance at 0x14f4e51d0460>,3,16,[2 7],4,7,23,3,4
1,<environment.Job instance at 0x14f4e14fadc0>,0,13,[ 2 10],1,1,14,0,1
1,<environment.Job instance at 0x14f4e12b7aa0>,1,2,[ 2 10],2,14,16,12,2
1,<environment.Job instance at 0x14f4e15c7f00>,2,3,[7 2],4,16,19,12,4
1,<environment.Job instance at 0x14f4f1323a50>,0,3,[6 2],1,1,4,0,1
1,<environment.Job instance at 0x14f4f1323190>,2,1,[1 7],3,3,4,0,3
1,<environment.Job instance at 0x14f4e3e01e60>,0,17,[1 7],2,2,19,0,2
1,<environment.Job instance at 0x14f4ef318dc0>,1,3,[6 1],3,3,6,0,3
1,<environment.Job instance at 0x14f4ed1e6a50>,0,17,[ 1 10],3,3,20,0,3
1,<environment.Job instance at 0x14f4e2e659b0>,1,2,[2 5],4,20,22,16,4
1,<environment.Job instance at 0x14f4e460f5f0>,0,2,[1 7],1,1,3,0,1
1,<environment.Job instance at 0x14f4f063df50>,1,2,[6 1],2,2,4,0,2
1,<environment.Job instance at 0x14f4e460f780>,2,3,[9 1],3,4,7,1,3
1,<environment.Job instance at 0x14f4ed56da50>,3,16,[2 7],4,7,23,3,4
1,<environment.Job instance at 0x14f4ea656320>,0,13,[ 2 10],1,1,14,0,1
1,<environment.Job instance at 0x14f4eaa86cd0>,1,2,[ 2 10],2,14,16,12,2
1,<environment.Job instance at 0x14f4e1e33af0>,2,3,[7 2],4,16,19,12,4
1,<environment.Job instance at 0x14f4f100af50>,0,3,[6 2],1,1,4,0,1
1,<environment.Job instance at 0x14f4e96afbe0>,0,17,[1 7],2,2,19,0,2
1,<environment.Job instance at 0x14f4f2aa1d70>,1,3,[6 1],3,3,6,0,3
1,<environment.Job instance at 0x14f4e4540a00>,0,17,[ 1 10],3,3,20,0,3
1,<environment.Job instance at 0x14f4e6907e60>,1,2,[2 5],4,20,22,16,4
1,<environment.Job instance at 0x14f4e761d2d0>,0,2,[1 7],1,1,3,0,1
1,<environment.Job instance at 0x14f4e6ffe730>,1,2,[6 1],2,2,4,0,2
1,<environment.Job instance at 0x14f4e761d500>,2,3,[9 1],3,4,7,1,3
1,<environment.Job instance at 0x14f4e761d5a0>,3,16,[2 7],4,7,23,3,4
1,<environment.Job instance at 0x14f4edcceb40>,0,13,[ 2 10],1,1,14,0,1
1,<environment.Job instance at 0x14f4e9567730>,1,2,[ 2 10],2,14,16,12,2
1,<environment.Job instance at 0x14f4edcce0a0>,2,3,[7 2],4,16,19,12,4
1,<environment.Job instance at 0x14f4e1d1baa0>,0,3,[6 2],1,1,4,0,1
1,<environment.Job instance at 0x14f4e48f1690>,0,17,[1 7],2,2,19,0,2
1,<environment.Job instance at 0x14f4e666cf00>,1,3,[6 1],3,3,6,0,3
1,<environment.Job instance at 0x14f4f0d70af0>,0,17,[ 1 10],3,3,20,0,3
1,<environment.Job instance at 0x14f4df03dfa0>,1,2,[2 5],4,20,22,16,4
1,<environment.Job instance at 0x14f4dec0a280>,0,2,[1 7],1,1,3,0,1
1,<environment.Job instance at 0x14f4df03db90>,1,2,[6 1],2,2,4,0,2
1,<environment.Job instance at 0x14f4dec0a9b0>,2,3,[9 1],3,4,7,1,3
1,<environment.Job instance at 0x14f4df03dfa0>,3,16,[2 7],4,7,23,3,4
1,<environment.Job instance at 0x14f4e7ca0d70>,0,13,[ 2 10],1,1,14,0,1
1,<environment.Job instance at 0x14f4e9f34190>,1,2,[ 2 10],2,14,16,12,2
1,<environment.Job instance at 0x14f4f1c2f820>,2,3,[7 2],4,16,19,12,4
1,<environment.Job instance at 0x14f4e5eae050>,0,3,[6 2],1,1,4,0,1
1,<environment.Job instance at 0x14f4e5eae190>,2,1,[1 7],3,3,4,0,3
1,<environment.Job instance at 0x14f4eaec9280>,0,17,[1 7],2,2,19,0,2
1,<environment.Job instance at 0x14f4e3b0a230>,1,3,[6 1],3,3,6,0,3
1,<environment.Job instance at 0x14f4ef946910>,0,17,[ 1 10],3,3,20,0,3
1,<environment.Job instance at 0x14f4e36190a0>,1,2,[2 5],4,20,22,16,4
1,<environment.Job instance at 0x14f4e8266140>,0,2,[1 7],1,1,3,0,1
1,<environment.Job instance at 0x14f4e31284b0>,1,2,[6 1],2,2,4,0,2
1,<environment.Job instance at 0x14f4e8266be0>,2,3,[9 1],3,4,7,1,3
1,<environment.Job instance at 0x14f4e3128d70>,3,16,[2 7],4,7,23,3,4
1,<environment.Job instance at 0x14f4eb5f40a0>,0,13,[ 2 10],1,1,14,0,1
1,<environment.Job instance at 0x14f4e25202d0>,1,2,[ 2 10],2,14,16,12,2
1,<environment.Job instance at 0x14f4eb5f4f50>,2,3,[7 2],4,16,19,12,4
1,<environment.Job instance at 0x14f4e176aeb0>,0,3,[6 2],1,1,4,0,1
1,<environment.Job instance at 0x14f4e62836e0>,0,17,[1 7],2,2,19,0,2
1,<environment.Job instance at 0x14f4e91710a0>,1,3,[6 1],3,3,6,0,3
1,<environment.Job instance at 0x14f4e98209b0>,0,17,[ 1 10],3,3,20,0,3
1,<environment.Job instance at 0x14f4e8f26820>,1,2,[2 5],4,20,22,16,4
1,<environment.Job instance at 0x14f4f140ed70>,0,2,[1 7],1,1,3,0,1
1,<environment.Job instance at 0x14f4ea344c80>,1,2,[6 1],2,2,4,0,2
1,<environment.Job instance at 0x14f4e8f26a50>,2,3,[9 1],3,4,7,1,3
1,<environment.Job instance at 0x14f4e30f1140>,3,16,[2 7],4,7,23,3,4
1,<environment.Job instance at 0x14f4eb01e0f0>,0,13,[ 2 10],1,1,14,0,1
1,<environment.Job instance at 0x14f4eddc9dc0>,1,2,[ 2 10],2,14,16,12,2
1,<environment.Job instance at 0x14f4eb01eaa0>,2,3,[7 2],4,16,19,12,4
1,<environment.Job instance at 0x14f4e5a90b90>,0,3,[6 2],1,1,4,0,1
1,<environment.Job instance at 0x14f4e35c7690>,0,17,[1 7],2,2,19,0,2
1,<environment.Job instance at 0x14f4e62e4140>,1,3,[6 1],3,3,6,0,3
1,<environment.Job instance at 0x14f4e0cfd140>,0,17,[ 1 10],3,3,20,0,3
1,<environment.Job instance at 0x14f4e5355a50>,1,2,[2 5],4,20,22,16,4
1,<environment.Job instance at 0x14f4e209bcd0>,0,2,[1 7],1,1,3,0,1
1,<environment.Job instance at 0x14f4e6bdc3c0>,1,2,[6 1],2,2,4,0,2
1,<environment.Job instance at 0x14f4ed628140>,2,3,[9 1],3,4,7,1,3
1,<environment.Job instance at 0x14f4e60a4690>,3,16,[2 7],4,7,23,3,4
1,<environment.Job instance at 0x14f4ef079a50>,0,13,[ 2 10],1,1,14,0,1
1,<environment.Job instance at 0x14f4f0d59230>,1,2,[ 2 10],2,14,16,12,2
1,<environment.Job instance at 0x14f4e216c640>,2,3,[7 2],4,16,19,12,4
1,<environment.Job instance at 0x14f4ee62d500>,0,3,[6 2],1,1,4,0,1
1,<environment.Job instance at 0x14f4e5032230>,2,1,[1 7],3,3,4,0,3
1,<environment.Job instance at 0x14f4e30f4370>,0,17,[1 7],2,2,19,0,2
1,<environment.Job instance at 0x14f4e34a1a00>,1,3,[6 1],3,3,6,0,3
1,<environment.Job instance at 0x14f4e082da00>,0,17,[ 1 10],3,3,20,0,3
1,<environment.Job instance at 0x14f4e6503cd0>,1,2,[2 5],4,20,22,16,4
1,<environment.Job instance at 0x14f4e24cd5a0>,0,2,[1 7],1,1,3,0,1
1,<environment.Job instance at 0x14f4e17ff3c0>,1,2,[6 1],2,2,4,0,2
1,<environment.Job instance at 0x14f4ea401910>,2,3,[9 1],3,4,7,1,3
1,<environment.Job instance at 0x14f4e0c21aa0>,3,16,[2 7],4,7,23,3,4
1,<environment.Job instance at 0x14f4e0c60b90>,0,13,[ 2 10],1,1,14,0,1
1,<environment.Job instance at 0x14f4e0db4e60>,1,2,[ 2 10],2,14,16,12,2
1,<environment.Job instance at 0x14f4e0c10640>,2,3,[7 2],4,16,19,12,4
1,<environment.Job instance at 0x14f4e12d2dc0>,0,3,[6 2],1,1,4,0,1
1,<environment.Job instance at 0x14f4e12d2aa0>,2,1,[1 7],3,3,4,0,3
1,<environment.Job instance at 0x14f4e1099140>,0,17,[1 7],2,2,19,0,2
1,<environment.Job instance at 0x14f4e10990a0>,1,3,[6 1],3,3,6,0,3
1,<environment.Job instance at 0x14f4e23f63c0>,0,17,[ 1 10],3,3,20,0,3
1,<environment.Job instance at 0x14f4e595f4b0>,1,2,[2 5],4,20,22,16,4
1,<environment.Job instance at 0x14f4df032550>,0,2,[1 7],1,1,3,0,1
1,<environment.Job instance at 0x14f4e082ddc0>,1,2,[6 1],2,2,4,0,2
1,<environment.Job instance at 0x14f4f1cb47d0>,2,3,[9 1],3,4,7,1,3
1,<environment.Job instance at 0x14f4e64f1d70>,3,16,[2 7],4,7,23,3,4
1,<environment.Job instance at 0x14f4e082d230>,0,13,[ 2 10],1,1,14,0,1
1,<environment.Job instance at 0x14f4ee77f140>,1,2,[ 2 10],2,14,16,12,2
1,<environment.Job instance at 0x14f4e75e1960>,2,3,[7 2],4,16,19,12,4
1,<environment.Job instance at 0x14f4e317ec30>,0,3,[6 2],1,1,4,0,1
1,<environment.Job instance at 0x14f4eddd7d20>,0,17,[1 7],2,3,20,1,3
1,<environment.Job instance at 0x14f4e3991410>,0,17,[ 1 10],3,3,20,0,3
1,<environment.Job instance at 0x14f4e3991730>,1,2,[2 5],4,20,22,16,4
1,<environment.Job instance at 0x14f4debf9d20>,0,2,[1 7],1,1,3,0,1
1,<environment.Job instance at 0x14f4debf9be0>,1,2,[6 1],2,2,4,0,2
1,<environment.Job instance at 0x14f4efb7bd20>,2,3,[9 1],3,4,7,1,3
1,<environment.Job instance at 0x14f4efb7b460>,3,16,[2 7],4,7,23,3,4
1,<environment.Job instance at 0x14f4e14e0a00>,0,13,[ 2 10],1,1,14,0,1
1,<environment.Job instance at 0x14f4e64169b0>,1,2,[ 2 10],2,14,16,12,2
1,<environment.Job instance at 0x14f4e14e04b0>,2,3,[7 2],4,16,19,12,4
1,<environment.Job instance at 0x14f4e37eb5a0>,0,3,[6 2],1,1,4,0,1
1,<environment.Job instance at 0x14f4e9a70a00>,2,1,[1 7],3,4,5,1,4
1,<environment.Job instance at 0x14f4eb6fda50>,0,17,[1 7],2,3,20,1,3
1,<environment.Job instance at 0x14f4eb6fd5a0>,1,3,[6 1],3,23,26,20,23
1,<environment.Job instance at 0x14f4e4296be0>,0,17,[ 1 10],3,3,20,0,3
1,<environment.Job instance at 0x14f4e5648140>,1,2,[2 5],4,20,22,16,4
1,<environment.Job instance at 0x14f4e57ef9b0>,0,2,[1 7],1,1,3,0,1
1,<environment.Job instance at 0x14f4eb4cad70>,1,2,[6 1],2,2,4,0,2
1,<environment.Job instance at 0x14f4e57ef820>,2,3,[9 1],3,4,7,1,3
1,<environment.Job instance at 0x14f4e58ba550>,3,16,[2 7],4,7,23,3,4
1,<environment.Job instance at 0x14f4e3339960>,0,13,[ 2 10],1,1,14,0,1
1,<environment.Job instance at 0x14f4e57efd20>,1,2,[ 2 10],2,14,16,12,2
1,<environment.Job instance at 0x14f4e3339870>,2,3,[7 2],4,16,19,12,4
1,<environment.Job instance at 0x14f4f0582aa0>,0,3,[6 2],1,1,4,0,1
1,<environment.Job instance at 0x14f4e1f98960>,2,1,[1 7],3,3,4,0,3
1,<environment.Job instance at 0x14f4eb375370>,0,17,[1 7],2,3,20,1,3
1,<environment.Job instance at 0x14f4ed747aa0>,0,17,[ 1 10],3,3,20,0,3
1,<environment.Job instance at 0x14f4f113feb0>,1,2,[2 5],4,20,22,16,4
1,<environment.Job instance at 0x14f4e4417870>,0,2,[1 7],1,1,3,0,1
1,<environment.Job instance at 0x14f4e4417140>,1,2,[6 1],2,2,4,0,2
1,<environment.Job instance at 0x14f4e44175f0>,2,3,[9 1],3,4,7,1,3
1,<environment.Job instance at 0x14f4e3708c30>,3,16,[2 7],4,7,23,3,4
1,<environment.Job instance at 0x14f4e240d230>,0,13,[ 2 10],1,1,14,0,1
1,<environment.Job instance at 0x14f4e144d0a0>,1,2,[ 2 10],2,14,16,12,2
1,<environment.Job instance at 0x14f4e3217280>,2,3,[7 2],4,16,19,12,4
1,<environment.Job instance at 0x14f4e1e75280>,0,3,[6 2],1,1,4,0,1
1,<environment.Job instance at 0x14f4e264a190>,2,1,[1 7],3,4,5,1,4
1,<environment.Job instance at 0x14f4e0afa1e0>,0,17,[1 7],2,3,20,1,3
1,<environment.Job instance at 0x14f4ef538190>,0,17,[ 1 10],3,3,20,0,3
1,<environment.Job instance at 0x14f4f1d06370>,1,2,[2 5],4,20,22,16,4
1,<environment.Job instance at 0x14f4e857b640>,0,2,[1 7],1,1,3,0,1
1,<environment.Job instance at 0x14f4ec18a500>,1,2,[6 1],2,2,4,0,2
1,<environment.Job instance at 0x14f4f2157eb0>,2,3,[9 1],3,4,7,1,3
1,<environment.Job instance at 0x14f4f2157fa0>,3,16,[2 7],4,7,23,3,4
1,<environment.Job instance at 0x14f4e838eaf0>,0,13,[ 2 10],1,1,14,0,1
1,<environment.Job instance at 0x14f4e5db81e0>,1,2,[ 2 10],2,14,16,12,2
1,<environment.Job instance at 0x14f4ef55ecd0>,2,3,[7 2],4,16,19,12,4
1,<environment.Job instance at 0x14f4ed1eb690>,0,3,[6 2],1,1,4,0,1
1,<environment.Job instance at 0x14f4eca7ed70>,0,17,[1 7],2,3,20,1,3
1,<environment.Job instance at 0x14f4ec37c320>,1,3,[6 1],3,57,60,54,57
1,<environment.Job instance at 0x14f4e11fe640>,0,17,[ 1 10],3,3,20,0,3
1,<environment.Job instance at 0x14f4e38d6320>,1,2,[2 5],4,20,22,16,4
1,<environment.Job instance at 0x14f4e1f4b870>,0,2,[1 7],1,1,3,0,1
1,<environment.Job instance at 0x14f4ec38c2d0>,1,2,[6 1],2,2,4,0,2
1,<environment.Job instance at 0x14f4e27c18c0>,2,3,[9 1],3,4,7,1,3
1,<environment.Job instance at 0x14f4e439f3c0>,3,16,[2 7],4,7,23,3,4
1,<environment.Job instance at 0x14f4e52e32d0>,0,13,[ 2 10],1,1,14,0,1
1,<environment.Job instance at 0x14f4f113c410>,1,2,[ 2 10],2,14,16,12,2
1,<environment.Job instance at 0x14f4e52e3730>,2,3,[7 2],4,16,19,12,4
1,<environment.Job instance at 0x14f4e5709aa0>,0,3,[6 2],1,1,4,0,1
1,<environment.Job instance at 0x14f4e5709c30>,2,1,[1 7],3,3,4,0,3
1,<environment.Job instance at 0x14f4ea1afeb0>,0,17,[1 7],2,2,19,0,2
1,<environment.Job instance at 0x14f4e6a93410>,1,3,[6 1],3,3,6,0,3
1,<environment.Job instance at 0x14f4e52bd5a0>,0,17,[ 1 10],3,3,20,0,3
1,<environment.Job instance at 0x14f4ea43ba00>,1,2,[2 5],4,20,22,16,4
1,<environment.Job instance at 0x14f4dfb46b90>,0,2,[1 7],1,1,3,0,1
1,<environment.Job instance at 0x14f4e08305a0>,1,2,[6 1],2,2,4,0,2
1,<environment.Job instance at 0x14f4e279e3c0>,2,3,[9 1],3,4,7,1,3
1,<environment.Job instance at 0x14f4e7ebc820>,3,16,[2 7],4,7,23,3,4
1,<environment.Job instance at 0x14f4e3e03e60>,0,13,[ 2 10],1,1,14,0,1
1,<environment.Job instance at 0x14f4e8234460>,1,2,[ 2 10],2,14,16,12,2
1,<environment.Job instance at 0x14f4e7ebc0a0>,2,3,[7 2],4,16,19,12,4
1,<environment.Job instance at 0x14f4e94bedc0>,0,3,[6 2],1,1,4,0,1
1,<environment.Job instance at 0x14f4e0831320>,2,1,[1 7],3,3,4,0,3
1,<environment.Job instance at 0x14f4e0a92b90>,0,17,[1 7],2,2,19,0,2
1,<environment.Job instance at 0x14f4ee9cb730>,1,3,[6 1],3,3,6,0,3
1,<environment.Job instance at 0x14f4e2f2ee60>,0,17,[ 1 10],3,3,20,0,3
1,<environment.Job instance at 0x14f4e3d4b500>,1,2,[2 5],4,20,22,16,4
1,<environment.Job instance at 0x14f4df0a9a50>,0,2,[1 7],1,1,3,0,1
1,<environment.Job instance at 0x14f4e2f2e3c0>,1,2,[6 1],2,2,4,0,2
1,<environment.Job instance at 0x14f4e8b56780>,2,3,[9 1],3,4,7,1,3
1,<environment.Job instance at 0x14f4e33fce10>,3,16,[2 7],4,7,23,3,4
1,<environment.Job instance at 0x14f4e1f29dc0>,0,13,[ 2 10],1,1,14,0,1
1,<environment.Job instance at 0x14f4dfb43280>,1,2,[ 2 10],2,14,16,12,2
1,<environment.Job instance at 0x14f4e42a07d0>,2,3,[7 2],4,16,19,12,4
1,<environment.Job instance at 0x14f4ebe82690>,0,3,[6 2],1,1,4,0,1
1,<environment.Job instance at 0x14f4ec58e2d0>,2,1,[1 7],3,4,5,1,4
1,<environment.Job instance at 0x14f4ed28ac80>,0,17,[1 7],2,2,19,0,2
1,<environment.Job instance at 0x14f4ed28a320>,1,3,[6 1],3,3,6,0,3
1,<environment.Job instance at 0x14f4ecb7b9b0>,0,17,[ 1 10],3,3,20,0,3
1,<environment.Job instance at 0x14f4edd622d0>,1,2,[2 5],4,20,22,16,4
1,<environment.Job instance at 0x14f4e7d9e5a0>,0,2,[1 7],1,1,3,0,1
1,<environment.Job instance at 0x14f4e50bc2d0>,1,2,[6 1],2,2,4,0,2
1,<environment.Job instance at 0x14f4e44d0af0>,2,3,[9 1],3,4,7,1,3
1,<environment.Job instance at 0x14f4e2dca780>,3,16,[2 7],4,7,23,3,4
1,<environment.Job instance at 0x14f4e4be2140>,0,13,[ 2 10],1,1,14,0,1
1,<environment.Job instance at 0x14f4e4534690>,1,2,[ 2 10],2,14,16,12,2
1,<environment.Job instance at 0x14f4e2869280>,2,3,[7 2],4,16,19,12,4
1,<environment.Job instance at 0x14f4e159a230>,0,3,[6 2],1,1,4,0,1
1,<environment.Job instance at 0x14f4e58d0140>,2,1,[1 7],3,3,4,0,3
1,<environment.Job instance at 0x14f4e50caeb0>,0,17,[1 7],2,2,19,0,2
1,<environment.Job instance at 0x14f4dec415a0>,1,3,[6 1],3,3,6,0,3
1,<environment.Job instance at 0x14f4e69f1550>,0,17,[ 1 10],3,3,20,0,3
1,<environment.Job instance at 0x14f4e1624960>,1,2,[2 5],4,20,22,16,4
1,<environment.Job instance at 0x14f4ea82c870>,0,2,[1 7],1,1,3,0,1
1,<environment.Job instance at 0x14f4eb4e8f50>,1,2,[6 1],2,2,4,0,2
1,<environment.Job instance at 0x14f4ea82c280>,2,3,[9 1],3,4,7,1,3
1,<environment.Job instance at 0x14f4eb4e89b0>,3,16,[2 7],4,7,23,3,4
1,<environment.Job instance at 0x14f4eaabab40>,0,13,[ 2 10],1,1,14,0,1
1,<environment.Job instance at 0x14f4f43ed370>,1,2,[ 2 10],2,14,16,12,2
1,<environment.Job instance at 0x14f4eaabab90>,2,3,[7 2],4,16,19,12,4
1,<environment.Job instance at 0x14f4e6a94500>,0,3,[6 2],1,1,4,0,1
1,<environment.Job instance at 0x14f4eecb4eb0>,1,3,[6 1],3,3,6,0,3
1,<environment.Job instance at 0x14f4e3ca2aa0>,0,17,[ 1 10],3,3,20,0,3
1,<environment.Job instance at 0x14f4eae1f410>,1,2,[2 5],4,20,22,16,4
1,<environment.Job instance at 0x14f4e22030a0>,0,2,[1 7],1,1,3,0,1
1,<environment.Job instance at 0x14f4ee29c0f0>,1,2,[6 1],2,2,4,0,2
1,<environment.Job instance at 0x14f4e22035f0>,2,3,[9 1],3,4,7,1,3
1,<environment.Job instance at 0x14f4e4944820>,3,16,[2 7],4,7,23,3,4
1,<environment.Job instance at 0x14f4dfd8b8c0>,0,13,[ 2 10],1,1,14,0,1
1,<environment.Job instance at 0x14f4e2203f50>,1,2,[ 2 10],2,14,16,12,2
1,<environment.Job instance at 0x14f4dfd8b870>,2,3,[7 2],4,16,19,12,4
1,<environment.Job instance at 0x14f4e1732780>,0,3,[6 2],1,1,4,0,1
1,<environment.Job instance at 0x14f4f0270460>,0,17,[1 7],2,3,20,1,3
1,<environment.Job instance at 0x14f4e41556e0>,1,3,[6 1],3,57,60,54,57
1,<environment.Job instance at 0x14f4ea71edc0>,0,17,[ 1 10],3,3,20,0,3
1,<environment.Job instance at 0x14f4ef14b0f0>,1,2,[2 5],4,20,22,16,4
1,<environment.Job instance at 0x14f4f079d8c0>,0,2,[1 7],1,1,3,0,1
1,<environment.Job instance at 0x14f4f079daf0>,1,2,[6 1],2,2,4,0,2
1,<environment.Job instance at 0x14f4e2a6d050>,2,3,[9 1],3,4,7,1,3
1,<environment.Job instance at 0x14f4de448c80>,3,16,[2 7],4,7,23,3,4
1,<environment.Job instance at 0x14f4de448b90>,0,13,[ 2 10],1,1,14,0,1
1,<environment.Job instance at 0x14f4de3e7910>,1,2,[ 2 10],2,14,16,12,2
1,<environment.Job instance at 0x14f4dfd4b190>,2,3,[7 2],4,16,19,12,4
1,<environment.Job instance at 0x14f4e70b7a50>,0,3,[6 2],1,1,4,0,1
1,<environment.Job instance at 0x14f4e1385a50>,2,1,[1 7],3,3,4,0,3
1,<environment.Job instance at 0x14f4e7d5deb0>,0,17,[1 7],2,2,19,0,2
1,<environment.Job instance at 0x14f4e6c5c9b0>,1,3,[6 1],3,3,6,0,3
1,<environment.Job instance at 0x14f4e01ce690>,0,17,[ 1 10],3,3,20,0,3
1,<environment.Job instance at 0x14f4f2b46050>,1,2,[2 5],4,20,22,16,4
1,<environment.Job instance at 0x14f4e2c01500>,0,2,[1 7],1,1,3,0,1
1,<environment.Job instance at 0x14f4dede6550>,1,2,[6 1],2,2,4,0,2
1,<environment.Job instance at 0x14f4de520be0>,2,3,[9 1],3,4,7,1,3
1,<environment.Job instance at 0x14f4df13a140>,3,16,[2 7],4,7,23,3,4
1,<environment.Job instance at 0x14f4e77264b0>,0,13,[ 2 10],1,1,14,0,1
1,<environment.Job instance at 0x14f4dfebd500>,1,2,[ 2 10],2,14,16,12,2
1,<environment.Job instance at 0x14f4ec7f2d70>,2,3,[7 2],4,16,19,12,4
1,<environment.Job instance at 0x14f4def5c050>,0,3,[6 2],1,1,4,0,1
1,<environment.Job instance at 0x14f4e07653c0>,2,1,[1 7],3,3,4,0,3
1,<environment.Job instance at 0x14f4e5ed93c0>,0,17,[1 7],2,2,19,0,2
1,<environment.Job instance at 0x14f4e6051e60>,1,3,[6 1],3,3,6,0,3
1,<environment.Job instance at 0x14f4e89cc0a0>,0,17,[ 1 10],3,3,20,0,3
1,<environment.Job instance at 0x14f4e6605f50>,1,2,[2 5],4,20,22,16,4
1,<environment.Job instance at 0x14f4e3ce92d0>,0,2,[1 7],1,1,3,0,1
1,<environment.Job instance at 0x14f4ebae1fa0>,1,2,[6 1],2,2,4,0,2
1,<environment.Job instance at 0x14f4f1eb0a50>,2,3,[9 1],3,4,7,1,3
1,<environment.Job instance at 0x14f4e3e979b0>,3,16,[2 7],4,7,23,3,4
1,<environment.Job instance at 0x14f4e222e2d0>,0,13,[ 2 10],1,1,14,0,1
1,<environment.Job instance at 0x14f4f1879280>,1,2,[ 2 10],2,14,16,12,2
1,<environment.Job instance at 0x14f4e222ef00>,2,3,[7 2],4,16,19,12,4
1,<environment.Job instance at 0x14f4e28bb5f0>,0,3,[6 2],1,1,4,0,1
1,<environment.Job instance at 0x14f4dfbe46e0>,0,17,[1 7],2,2,19,0,2
1,<environment.Job instance at 0x14f4ef42f6e0>,1,3,[6 1],3,3,6,0,3
1,<environment.Job instance at 0x14f4e6734910>,0,17,[ 1 10],3,3,20,0,3
1,<environment.Job instance at 0x14f4e1290f00>,1,2,[2 5],4,20,22,16,4
1,<environment.Job instance at 0x14f4ea6b0aa0>,0,2,[1 7],1,1,3,0,1
1,<environment.Job instance at 0x14f4dee4ee60>,1,2,[6 1],2,2,4,0,2
1,<environment.Job instance at 0x14f4e5825e10>,2,3,[9 1],3,4,7,1,3
1,<environment.Job instance at 0x14f4ea6b00f0>,3,16,[2 7],4,7,23,3,4
1,<environment.Job instance at 0x14f4ec703320>,0,13,[ 2 10],1,1,14,0,1
1,<environment.Job instance at 0x14f4ea6b0410>,1,2,[ 2 10],2,14,16,12,2
1,<environment.Job instance at 0x14f4ec703410>,2,3,[7 2],4,16,19,12,4
1,<environment.Job instance at 0x14f4e6392d20>,0,3,[6 2],1,1,4,0,1
1,<environment.Job instance at 0x14f4e63928c0>,1,13,[1 5],2,2,15,0,2
1,<environment.Job instance at 0x14f4e1d89e10>,2,1,[1 7],3,15,16,12,3
1,<environment.Job instance at 0x14f4ebe531e0>,0,17,[1 7],2,2,19,0,2
1,<environment.Job instance at 0x14f4e69e5e60>,1,3,[6 1],3,3,6,0,3
1,<environment.Job instance at 0x14f4df8e3370>,0,17,[ 1 10],3,3,20,0,3
1,<environment.Job instance at 0x14f4e44b2190>,1,2,[2 5],4,20,22,16,4
1,<environment.Job instance at 0x14f4e49dd3c0>,0,2,[1 7],1,1,3,0,1
1,<environment.Job instance at 0x14f4e3867870>,1,2,[6 1],2,2,4,0,2
1,<environment.Job instance at 0x14f4e7a7a230>,2,3,[9 1],3,4,7,1,3
1,<environment.Job instance at 0x14f4e381a0a0>,3,16,[2 7],4,7,23,3,4
1,<environment.Job instance at 0x14f4e2485f50>,0,13,[ 2 10],1,1,14,0,1
1,<environment.Job instance at 0x14f4defef0a0>,1,2,[ 2 10],2,14,16,12,2
1,<environment.Job instance at 0x14f4e3867be0>,2,3,[7 2],4,16,19,12,4
1,<environment.Job instance at 0x14f4e15d5410>,0,3,[6 2],1,1,4,0,1
1,<environment.Job instance at 0x14f4eb85b370>,1,13,[1 5],2,2,15,0,2
1,<environment.Job instance at 0x14f4e15d5a50>,2,1,[1 7],3,15,16,12,3
1,<environment.Job instance at 0x14f4e15d5230>,0,17,[1 7],2,2,19,0,2
1,<environment.Job instance at 0x14f4e24628c0>,1,3,[6 1],3,3,6,0,3
1,<environment.Job instance at 0x14f4e25531e0>,0,17,[ 1 10],3,3,20,0,3
1,<environment.Job instance at 0x14f4ed22e190>,1,2,[2 5],4,20,22,16,4
1,<environment.Job instance at 0x14f4e8111280>,0,2,[1 7],1,1,3,0,1
1,<environment.Job instance at 0x14f4e0179370>,1,2,[6 1],2,2,4,0,2
1,<environment.Job instance at 0x14f4de16f7d0>,2,3,[9 1],3,4,7,1,3
1,<environment.Job instance at 0x14f4e096a2d0>,3,16,[2 7],4,7,23,3,4
1,<environment.Job instance at 0x14f4eda5a500>,0,13,[ 2 10],1,1,14,0,1
1,<environment.Job instance at 0x14f4e3911190>,1,2,[ 2 10],2,14,16,12,2
1,<environment.Job instance at 0x14f4e503f6e0>,2,3,[7 2],4,16,19,12,4
1,<environment.Job instance at 0x14f4e15bed20>,0,3,[6 2],1,1,4,0,1
1,<environment.Job instance at 0x14f4e5f1b960>,1,13,[1 5],2,2,15,0,2
1,<environment.Job instance at 0x14f4efd81be0>,2,1,[1 7],3,15,16,12,3
1,<environment.Job instance at 0x14f4e5b42230>,0,17,[1 7],2,2,19,0,2
1,<environment.Job instance at 0x14f4ef538550>,1,3,[6 1],3,3,6,0,3
1,<environment.Job instance at 0x14f4ece2da50>,0,17,[ 1 10],3,3,20,0,3
1,<environment.Job instance at 0x14f4f2bc4cd0>,1,2,[2 5],4,20,22,16,4
1,<environment.Job instance at 0x14f4e9e0f140>,0,2,[1 7],1,1,3,0,1
1,<environment.Job instance at 0x14f4e75ca730>,1,2,[6 1],2,2,4,0,2
1,<environment.Job instance at 0x14f4f042ef50>,2,3,[9 1],3,4,7,1,3
1,<environment.Job instance at 0x14f4f042e9b0>,3,16,[2 7],4,7,23,3,4
1,<environment.Job instance at 0x14f4ea640c30>,0,13,[ 2 10],1,1,14,0,1
1,<environment.Job instance at 0x14f4f1264b90>,1,2,[ 2 10],2,14,16,12,2
1,<environment.Job instance at 0x14f4e2dbcf50>,2,3,[7 2],4,16,19,12,4
1,<environment.Job instance at 0x14f4f1e3d230>,0,3,[6 2],1,1,4,0,1
1,<environment.Job instance at 0x14f4f09208c0>,1,13,[1 5],2,2,15,0,2
1,<environment.Job instance at 0x14f4e0bffd70>,2,1,[1 7],3,15,16,12,3
1,<environment.Job instance at 0x14f4f01f1910>,0,17,[1 7],2,2,19,0,2
1,<environment.Job instance at 0x14f4e5d95fa0>,1,3,[6 1],3,3,6,0,3
1,<environment.Job instance at 0x14f4f2b00e60>,0,17,[ 1 10],3,3,20,0,3
1,<environment.Job instance at 0x14f4ebeb9cd0>,1,2,[2 5],4,20,22,16,4
1,<environment.Job instance at 0x14f4e412d4b0>,0,2,[1 7],1,1,3,0,1
1,<environment.Job instance at 0x14f4df8dd320>,1,2,[6 1],2,2,4,0,2
1,<environment.Job instance at 0x14f4ef6df7d0>,2,3,[9 1],3,4,7,1,3
1,<environment.Job instance at 0x14f4e6452280>,3,16,[2 7],4,7,23,3,4
1,<environment.Job instance at 0x14f4e7ea9910>,0,13,[ 2 10],1,1,14,0,1
1,<environment.Job instance at 0x14f4e7ea99b0>,1,2,[ 2 10],2,14,16,12,2
1,<environment.Job instance at 0x14f4ed8610f0>,2,3,[7 2],4,16,19,12,4
1,<environment.Job instance at 0x14f4e5a3d960>,0,3,[6 2],1,1,4,0,1
1,<environment.Job instance at 0x14f4f252e280>,1,13,[1 5],2,2,15,0,2
1,<environment.Job instance at 0x14f4e5a3dd70>,2,1,[1 7],3,15,16,12,3
1,<environment.Job instance at 0x14f4e0b459b0>,0,17,[1 7],2,2,19,0,2
1,<environment.Job instance at 0x14f4eef64a00>,1,3,[6 1],3,3,6,0,3
1,<environment.Job instance at 0x14f4e0338280>,0,17,[ 1 10],3,3,20,0,3
1,<environment.Job instance at 0x14f4e2499e60>,1,2,[2 5],4,20,22,16,4
1,<environment.Job instance at 0x14f4dd0c19b0>,0,2,[1 7],1,1,3,0,1
1,<environment.Job instance at 0x14f4dd0c0f50>,1,2,[6 1],2,2,4,0,2
1,<environment.Job instance at 0x14f4e2499e60>,2,3,[9 1],3,4,7,1,3
1,<environment.Job instance at 0x14f4e037b820>,3,16,[2 7],4,7,23,3,4
1,<environment.Job instance at 0x14f4ef5dbdc0>,0,13,[ 2 10],1,1,14,0,1
1,<environment.Job instance at 0x14f4f0b0b690>,1,2,[ 2 10],2,14,16,12,2
1,<environment.Job instance at 0x14f4e8079820>,2,3,[7 2],4,16,19,12,4
1,<environment.Job instance at 0x14f4eafb0f50>,0,3,[6 2],1,1,4,0,1
1,<environment.Job instance at 0x14f4e30eed20>,1,13,[1 5],2,2,15,0,2
1,<environment.Job instance at 0x14f4e037b2d0>,2,1,[1 7],3,15,16,12,3
1,<environment.Job instance at 0x14f4e390e960>,0,17,[1 7],2,2,19,0,2
1,<environment.Job instance at 0x14f4dfec17d0>,1,3,[6 1],3,3,6,0,3
1,<environment.Job instance at 0x14f4e61914b0>,0,17,[ 1 10],3,3,20,0,3
1,<environment.Job instance at 0x14f4e6191d70>,1,2,[2 5],4,20,22,16,4
1,<environment.Job instance at 0x14f4eb92ea00>,0,2,[1 7],1,1,3,0,1
1,<environment.Job instance at 0x14f4f2b9e370>,1,2,[6 1],2,2,4,0,2
1,<environment.Job instance at 0x14f4e80bddc0>,2,3,[9 1],3,4,7,1,3
1,<environment.Job instance at 0x14f4e80bd2d0>,3,16,[2 7],4,7,23,3,4
1,<environment.Job instance at 0x14f4e93dc780>,0,13,[ 2 10],1,1,14,0,1
1,<environment.Job instance at 0x14f4dd49a0a0>,1,2,[ 2 10],2,14,16,12,2
1,<environment.Job instance at 0x14f4dd49aaa0>,2,3,[7 2],4,16,19,12,4
1,<environment.Job instance at 0x14f4df1798c0>,0,3,[6 2],1,1,4,0,1
1,<environment.Job instance at 0x14f4e0e08730>,1,13,[1 5],2,2,15,0,2
1,<environment.Job instance at 0x14f4df1796e0>,2,1,[1 7],3,15,16,12,3
1,<environment.Job instance at 0x14f4e5649fa0>,0,17,[1 7],2,2,19,0,2
1,<environment.Job instance at 0x14f4df7a28c0>,1,3,[6 1],3,3,6,0,3
1,<environment.Job instance at 0x14f4e017ff00>,0,17,[ 1 10],3,3,20,0,3
1,<environment.Job instance at 0x14f4ee0c8c80>,1,2,[2 5],4,20,22,16,4
1,<environment.Job instance at 0x14f4e028eb90>,0,2,[1 7],1,1,3,0,1
1,<environment.Job instance at 0x14f4ec147780>,1,2,[6 1],2,2,4,0,2
1,<environment.Job instance at 0x14f4e8031c80>,2,3,[9 1],3,4,7,1,3
1,<environment.Job instance at 0x14f4e8031550>,3,16,[2 7],4,7,23,3,4
1,<environment.Job instance at 0x14f4e0785cd0>,0,13,[ 2 10],1,1,14,0,1
1,<environment.Job instance at 0x14f4ead1bc80>,1,2,[ 2 10],2,14,16,12,2
1,<environment.Job instance at 0x14f4dfa73c30>,2,3,[7 2],4,16,19,12,4
1,<environment.Job instance at 0x14f4ddd7f3c0>,0,3,[6 2],1,1,4,0,1
1,<environment.Job instance at 0x14f4ead1bc30>,1,13,[1 5],2,2,15,0,2
1,<environment.Job instance at 0x14f4ddd7feb0>,2,1,[1 7],3,15,16,12,3
1,<environment.Job instance at 0x14f4ddd7f460>,0,17,[1 7],2,2,19,0,2
1,<environment.Job instance at 0x14f4ed92c8c0>,1,3,[6 1],3,3,6,0,3
1,<environment.Job instance at 0x14f4de5d5eb0>,0,17,[ 1 10],3,3,20,0,3
1,<environment.Job instance at 0x14f4de5d5370>,1,2,[2 5],4,20,22,16,4
1,<environment.Job instance at 0x14f4e87d6320>,0,2,[1 7],1,1,3,0,1
1,<environment.Job instance at 0x14f4e9a53870>,1,2,[6 1],2,2,4,0,2
1,<environment.Job instance at 0x14f4e87d6050>,2,3,[9 1],3,4,7,1,3
1,<environment.Job instance at 0x14f4dfd04230>,3,16,[2 7],4,7,23,3,4
1,<environment.Job instance at 0x14f4e00fc910>,0,13,[ 2 10],1,1,14,0,1
1,<environment.Job instance at 0x14f4e00fc280>,1,2,[ 2 10],2,14,16,12,2
1,<environment.Job instance at 0x14f4dfd04be0>,2,3,[7 2],4,16,19,12,4
1,<environment.Job instance at 0x14f4e8463b40>,0,3,[6 2],1,1,4,0,1
1,<environment.Job instance at 0x14f4dc84b370>,1,13,[1 5],2,2,15,0,2
1,<environment.Job instance at 0x14f4e8fed410>,2,1,[1 7],3,15,16,12,3
1,<environment.Job instance at 0x14f4de092500>,0,17,[1 7],2,2,19,0,2
1,<environment.Job instance at 0x14f4dc81c730>,1,3,[6 1],3,3,6,0,3
1,<environment.Job instance at 0x14f4e8035230>,0,17,[ 1 10],3,3,20,0,3
1,<environment.Job instance at 0x14f4e8035dc0>,1,2,[2 5],4,20,22,16,4
1,<environment.Job instance at 0x14f4ddcfc690>,0,2,[1 7],1,1,3,0,1
1,<environment.Job instance at 0x14f4e48bd7d0>,1,2,[6 1],2,2,4,0,2
1,<environment.Job instance at 0x14f4ddcfc960>,2,3,[9 1],3,4,7,1,3
1,<environment.Job instance at 0x14f4f0948d20>,3,16,[2 7],4,7,23,3,4
1,<environment.Job instance at 0x14f4e5efee60>,0,13,[ 2 10],1,1,14,0,1
1,<environment.Job instance at 0x14f4e5efebe0>,1,2,[ 2 10],2,14,16,12,2
1,<environment.Job instance at 0x14f4e5efe910>,2,3,[7 2],4,16,19,12,4
1,<environment.Job instance at 0x14f4e4864640>,0,3,[6 2],1,1,4,0,1
1,<environment.Job instance at 0x14f4f263b280>,1,13,[1 5],2,2,15,0,2
1,<environment.Job instance at 0x14f4e4864cd0>,2,1,[1 7],3,15,16,12,3
1,<environment.Job instance at 0x14f4e5f67050>,0,17,[1 7],2,2,19,0,2
1,<environment.Job instance at 0x14f4f02bd640>,1,3,[6 1],3,3,6,0,3
1,<environment.Job instance at 0x14f4e46951e0>,0,17,[ 1 10],3,3,20,0,3
1,<environment.Job instance at 0x14f4e4695550>,1,2,[2 5],4,20,22,16,4
1,<environment.Job instance at 0x14f4f0e20140>,0,2,[1 7],1,1,3,0,1
1,<environment.Job instance at 0x14f4e17713c0>,1,2,[6 1],2,2,4,0,2
1,<environment.Job instance at 0x14f4e475f4b0>,2,3,[9 1],3,4,7,1,3
1,<environment.Job instance at 0x14f4df4530f0>,3,16,[2 7],4,7,23,3,4
1,<environment.Job instance at 0x14f4dfd3b5a0>,0,13,[ 2 10],1,1,14,0,1
1,<environment.Job instance at 0x14f4dfd3b7d0>,1,2,[ 2 10],2,14,16,12,2
1,<environment.Job instance at 0x14f4e6a085a0>,2,3,[7 2],4,16,19,12,4
1,<environment.Job instance at 0x14f4de65b1e0>,0,3,[6 2],1,1,4,0,1
1,<environment.Job instance at 0x14f4e6a080f0>,1,13,[1 5],2,2,15,0,2
1,<environment.Job instance at 0x14f4de65bd70>,2,1,[1 7],3,15,16,12,3
1,<environment.Job instance at 0x14f4f1d066e0>,0,17,[1 7],2,2,19,0,2
1,<environment.Job instance at 0x14f4e87e55f0>,1,3,[6 1],3,3,6,0,3
1,<environment.Job instance at 0x14f4e9d02500>,0,17,[ 1 10],3,3,20,0,3
1,<environment.Job instance at 0x14f4ea0b8910>,1,2,[2 5],4,20,22,16,4
1,<environment.Job instance at 0x14f4e764ec80>,0,2,[1 7],1,1,3,0,1
1,<environment.Job instance at 0x14f4e764ee60>,1,2,[6 1],2,2,4,0,2
1,<environment.Job instance at 0x14f4e764ea00>,2,3,[9 1],3,4,7,1,3
1,<environment.Job instance at 0x14f4e4f13230>,3,16,[2 7],4,7,23,3,4
1,<environment.Job instance at 0x14f4e86a85f0>,0,13,[ 2 10],1,1,14,0,1
1,<environment.Job instance at 0x14f4dc703e10>,1,2,[ 2 10],2,14,16,12,7
1,<environment.Job instance at 0x14f4e23d00f0>,2,3,[7 2],4,16,19,12,16
1,<environment.Job instance at 0x14f4ec78daa0>,0,3,[6 2],1,1,4,0,1
1,<environment.Job instance at 0x14f4ebafcb90>,1,13,[1 5],2,2,15,0,2
1,<environment.Job instance at 0x14f4e23d00f0>,2,1,[1 7],3,15,16,12,4
1,<environment.Job instance at 0x14f4f20724b0>,0,17,[1 7],2,2,19,0,2
1,<environment.Job instance at 0x14f4f2072190>,1,3,[6 1],3,3,6,0,3
1,<environment.Job instance at 0x14f4eab4baf0>,0,17,[ 1 10],3,3,20,0,3
1,<environment.Job instance at 0x14f4f0d43aa0>,1,2,[2 5],4,20,22,16,4
1,<environment.Job instance at 0x14f4f1ef8a50>,0,2,[1 7],1,1,3,0,1
1,<environment.Job instance at 0x14f4e6818780>,1,2,[6 1],2,2,4,0,2
1,<environment.Job instance at 0x14f4f1ef8190>,2,3,[9 1],3,4,7,1,3
1,<environment.Job instance at 0x14f4f0822140>,3,16,[2 7],4,7,23,3,4
1,<environment.Job instance at 0x14f4de293aa0>,0,13,[ 2 10],1,1,14,0,1
1,<environment.Job instance at 0x14f4e51b2d20>,1,2,[ 2 10],2,14,16,12,7
1,<environment.Job instance at 0x14f4de293a50>,2,3,[7 2],4,21,24,17,21
1,<environment.Job instance at 0x14f4e08f3d20>,0,3,[6 2],1,1,4,0,1
1,<environment.Job instance at 0x14f4e08f35f0>,1,13,[1 5],2,3,16,1,3
1,<environment.Job instance at 0x14f4e08f3370>,2,1,[1 7],3,32,33,29,32
1,<environment.Job instance at 0x14f4dde52550>,0,17,[1 7],2,2,19,0,2
1,<environment.Job instance at 0x14f4e0f86e60>,1,3,[6 1],3,3,6,0,3
1,<environment.Job instance at 0x14f4dfdeb3c0>,0,17,[ 1 10],3,3,20,0,3
1,<environment.Job instance at 0x14f4dfdebaf0>,1,2,[2 5],4,20,22,16,4
1,<environment.Job instance at 0x14f4eea7aaa0>,0,2,[1 7],1,1,3,0,1
1,<environment.Job instance at 0x14f4eea7aa00>,1,2,[6 1],2,2,4,0,2
1,<environment.Job instance at 0x14f4e1866b90>,2,3,[9 1],3,4,7,1,3
1,<environment.Job instance at 0x14f4e0205cd0>,3,16,[2 7],4,7,23,3,4
1,<environment.Job instance at 0x14f4e08aed20>,0,13,[ 2 10],1,1,14,0,1
1,<environment.Job instance at 0x14f4ea2b4190>,2,3,[7 2],4,14,17,10,4
1,<environment.Job instance at 0x14f4e0590640>,1,2,[ 2 10],2,17,19,15,8
1,<environment.Job instance at 0x14f4def19460>,0,3,[6 2],1,1,4,0,1
1,<environment.Job instance at 0x14f4df64b1e0>,1,13,[1 5],2,2,15,0,2
1,<environment.Job instance at 0x14f4def199b0>,2,1,[1 7],3,15,16,12,4
1,<environment.Job instance at 0x14f4de48f1e0>,0,17,[1 7],2,2,19,0,2
1,<environment.Job instance at 0x14f4de48f780>,1,3,[6 1],3,3,6,0,3
